ONEWEB-0308             
1 49094U 21075V   23059.52470935  .00000277  00000+0  73427-3 0  9996
2 49094  87.8938 229.9695 0001609  91.8930 268.2383 13.12441519 76544
ONEWEB-0308             
1 49094U 21075V   23059.52470935  .00000277  00000+0  73427-3 0  9996
2 49094  87.8938 229.9695 0001609  91.8930 268.2383 13.12441519 77545
ONEWEB-0308             
1 49094U 21075V   23059.90589481  .00000244  00000+0  64261-3 0  9995
2 49094  87.8939 229.8938 0001607  92.1379 267.9934 13.12441872 76598
ONEWEB-0308             
1 49094U 21075V   23060.74450277  .00000124  00000+0  30846-3 0  9998
2 49094  87.8939 229.7272 0001611  92.2490 267.8823 13.12442410 77707
ONEWEB-0308             
1 49094U 21075V   23060.89697761  .00000015  00000+0  58085-5 0  9991
2 49094  87.8939 229.6969 0001610  92.6073 267.5239 13.12441813 76724
ONEWEB-0308             
1 49094U 21075V   23061.73558568 -.00000126  00000+0 -38687-3 0  9995
2 49094  87.8941 229.5303 0001602  92.7294 267.4018 13.12441883 76838
ONEWEB-0308             
1 49094U 21075V   23062.42171957 -.00000207  00000+0 -61107-3 0  9998
2 49094  87.8941 229.3940 0001604  92.9745 267.1567 13.12441875 76925
ONEWEB-0308             
1 49094U 21075V   23062.42171957 -.00000207  00000+0 -61107-3 0  9998
2 49094  87.8941 229.3940 0001604  92.9745 267.1567 13.12441875 77926
ONEWEB-0308             
1 49094U 21075V   23062.87914285 -.00000345  00000+0 -99444-3 0  9994
2 49094  87.8943 229.3032 0001585  93.3182 266.8128 13.12441434 76983
