ONEWEB-0188             
1 48231U 21031X   23059.03703320 -.00000109  00000+0 -32769-3 0  9993
2 48231  87.9135 169.4768 0001876 110.5453 249.5878 13.14504447 89817
ONEWEB-0188             
1 48231U 21031X   23059.34150346 -.00000080  00000+0 -25112-3 0  9993
2 48231  87.9134 169.4166 0001889 110.5227 249.6106 13.14504528 89850
ONEWEB-0188             
1 48231U 21031X   23059.79820978 -.00000194  00000+0 -55845-3 0  9999
2 48231  87.9133 169.3265 0001881 110.5488 249.5844 13.14504189 89917
ONEWEB-0188             
1 48231U 21031X   23060.33103279 -.00000151  00000+0 -44300-3 0  9996
2 48231  87.9133 169.2210 0001899 110.7127 249.4206 13.14504693 89985
ONEWEB-0188             
1 48231U 21031X   23061.32056259 -.00000148  00000+0 -43319-3 0  9996
2 48231  87.9134 169.0255 0001915 110.2617 249.8719 13.14504785 90113
ONEWEB-0188             
1 48231U 21031X   23062.23397499 -.00000056  00000+0 -18505-3 0  9998
2 48231  87.9130 168.8446 0001908 110.0165 250.1170 13.14505176 90230
ONEWEB-0188             
1 48231U 21031X   23062.31009265 -.00000035  00000+0 -12808-3 0  9995
2 48231  87.9130 168.8296 0001917 109.8597 250.2739 13.14505229 90240
ONEWEB-0188             
1 48231U 21031X   23062.84291823 -.00000086  00000+0 -26626-3 0  9995
2 48231  87.9129 168.7241 0001891 109.4904 250.6430 13.14503791 90318
