ONEWEB-0407             
1 50487U 21132U   23059.42349982  .00000064  00000+0  13005-3 0  9994
2 50487  87.9125 214.8888 0001651  92.6212 267.5109 13.18688040 62784
ONEWEB-0407             
1 50487U 21132U   23059.42349982  .00000064  00000+0  13005-3 0  9994
2 50487  87.9125 214.8888 0001651  92.6212 267.5109 13.18688040 64078
ONEWEB-0407             
1 50487U 21132U   23059.87875906  .00000014  00000+0  38020-5 0  9994
2 50487  87.9128 214.7982 0001643  93.0980 267.0340 13.18687226 62843
ONEWEB-0407             
1 50487U 21132U   23060.48577019  .00000061  00000+0  12227-3 0  9998
2 50487  87.9128 214.6773 0001625  92.3097 267.8221 13.18687497 64210
ONEWEB-0407             
1 50487U 21132U   23060.86515285 -.00000042  00000+0 -13916-3 0  9994
2 50487  87.9130 214.6018 0001601  92.4064 267.7251 13.18687105 62973
ONEWEB-0407             
1 50487U 21132U   23061.69979294  .00000076  00000+0  16069-3 0  9997
2 50487  87.9132 214.4357 0001591  92.5313 267.6001 13.18687692 63081
ONEWEB-0407             
1 50487U 21132U   23062.38268135  .00000097  00000+0  21386-3 0  9990
2 50487  87.9133 214.2998 0001570  92.8789 267.2523 13.18687073 64469
ONEWEB-0407             
1 50487U 21132U   23062.45855777  .00000050  00000+0  94088-4 0  9991
2 50487  87.9133 214.2847 0001576  92.9016 267.2297 13.18687290 63189
ONEWEB-0407             
1 50487U 21132U   23062.83793975 -.00000004  00000+0 -43138-4 0  9995
2 50487  87.9133 214.2092 0001567  93.1223 267.0089 13.18687803 63237
