ONEWEB-0625             
1 55166U 23004AC  23059.58334491 -.00007405  00000+0 -13678-2 0  9992
2 55166  86.6201 264.1252 0013995  52.0999  94.0558 14.65655264  1300
ONEWEB-0625             
1 55166U 23004AC  23059.58334491 -.00007405  00000+0 -13678-2 0  9992
2 55166  86.6201 264.1252 0013995  52.0999  94.0558 14.65655264  7485
ONEWEB-0625             
1 55166U 23004AC  23059.91667824  .00051718  00000+0  94427-2 0  9993
2 55166  86.6201 263.9867 0014030  50.8450  52.9547 14.65617248  1309
ONEWEB-0625             
1 55166U 23004AC  23060.91667824  .00049653  00000+0  90678-2 0  9994
2 55166  86.6200 263.5744 0013892  47.8641 288.8209 14.65620946  1305
ONEWEB-0625             
1 55166U 23004AC  23060.91667824  .00049653  00000+0  90678-2 0  9994
2 55166  86.6200 263.5744 0013892  47.8641 288.8209 14.65620946  7682
ONEWEB-0625             
1 55166U 23004AC  23061.80870462  .00001036  00000+0  18612-3 0  9999
2 55166  86.6198 263.2072 0013813  44.9284 315.3045 14.65648051  7819
ONEWEB-0625             
1 55166U 23004AC  23062.55971310  .00001172  00000+0  21112-3 0  9996
2 55166  86.6197 262.8974 0013741  42.6615 317.5662 14.65650936  7923
ONEWEB-0625             
1 55166U 23004AC  23062.83280723  .00001127  00000+0  20285-3 0  9998
2 55166  86.6197 262.7848 0013713  41.8139 318.4120 14.65651346  7962
ONEWEB-0625             
1 55166U 23004AC  23062.90108060  .00001247  00000+0  22496-3 0  9998
2 55166  86.6197 262.7567 0013709  41.6088 318.6166 14.65651789  7970
