ONEWEB-0518             
1 54136U 22138Z   23059.41679713 -.00000323  00000+0 -83950-3 0  9999
2 54136  87.9348 184.5219 0001346 107.3593 252.7687 13.19726896 17920
ONEWEB-0518             
1 54136U 22138Z   23059.41679713 -.00000323  00000+0 -83950-3 0  9999
2 54136  87.9348 184.5219 0001346 107.3593 252.7687 13.19726896 18796
ONEWEB-0518             
1 54136U 22138Z   23059.87169913 -.00000078  00000+0 -22787-3 0  9993
2 54136  87.9348 184.4322 0001306 106.3133 253.8144 13.19724081 17989
ONEWEB-0518             
1 54136U 22138Z   23060.85731809  .00000007  00000+0 -14804-4 0  9995
2 54136  87.9352 184.2379 0001354 109.3920 250.7360 13.19724115 18114
ONEWEB-0518             
1 54136U 22138Z   23061.08476779  .00000122  00000+0  27307-3 0  9991
2 54136  87.9352 184.1930 0001363 109.8467 250.2812 13.19724980 19014
ONEWEB-0518             
1 54136U 22138Z   23061.38803591  .00000095  00000+0  20592-3 0  9998
2 54136  87.9353 184.1332 0001366 109.9620 250.1660 13.19724252 18185
ONEWEB-0518             
1 54136U 22138Z   23062.37365547  .00000022  00000+0  22668-4 0  9999
2 54136  87.9352 183.9387 0001403 111.4366 248.6916 13.19724682 18316
ONEWEB-0518             
1 54136U 22138Z   23062.37365547  .00000022  00000+0  22668-4 0  9999
2 54136  87.9352 183.9387 0001403 111.4366 248.6916 13.19724682 19182
