ONEWEB-0231             
1 48782U 21045R   23059.14703356  .00000056  00000+0  11556-3 0  9990
2 48782  87.9176 139.0771 0001398 106.2895 253.8389 13.15549186 87049
ONEWEB-0231             
1 48782U 21045R   23059.29914915 -.00000038  00000+0 -13617-3 0  9993
2 48782  87.9175 139.0470 0001396 106.4307 253.6977 13.15548364 85925
ONEWEB-0231             
1 48782U 21045R   23059.90760688  .00000180  00000+0  44398-3 0  9993
2 48782  87.9176 138.9269 0001396 106.3993 253.7291 13.15549378 86006
ONEWEB-0231             
1 48782U 21045R   23060.21183649  .00000192  00000+0  47616-3 0  9994
2 48782  87.9174 138.8671 0001408 107.9687 252.1597 13.15548962 87181
ONEWEB-0231             
1 48782U 21045R   23060.28789628  .00002267  00000+0  59882-2 0  9992
2 48782  87.9175 138.8521 0001305 112.1610 247.9659 13.15539091 86055
ONEWEB-0231             
1 48782U 21045R   23060.28789628  .00002267  00000+0  59882-2 0  9992
2 48782  87.9175 138.8521 0001305 112.1610 247.9659 13.15539091 87191
ONEWEB-0231             
1 48782U 21045R   23061.12452405  .00000191  00000+0  47345-3 0  9992
2 48782  87.9173 138.6868 0001416 108.6642 251.4642 13.15549331 87302
ONEWEB-0231             
1 48782U 21045R   23061.65692498  .00000165  00000+0  40433-3 0  9990
2 48782  87.9172 138.5817 0001395 108.2719 251.8563 13.15549680 86235
ONEWEB-0231             
1 48782U 21045R   23062.26538381  .00000230  00000+0  57753-3 0  9994
2 48782  87.9170 138.4611 0001414 106.8001 253.3285 13.15548723 86318
ONEWEB-0231             
1 48782U 21045R   23062.26538381  .00000230  00000+0  57753-3 0  9994
2 48782  87.9170 138.4611 0001414 106.8001 253.3285 13.15548723 87454
