ONEWEB-0348             
1 49213U 21083AD  23059.27697557  .00000063  00000+0  12196-3 0  9990
2 49213  87.9334 154.2634 0002304 104.9671 255.1718 13.20772125 77763
ONEWEB-0348             
1 49213U 21083AD  23059.27697557  .00000063  00000+0  12196-3 0  9990
2 49213  87.9334 154.2634 0002304 104.9671 255.1718 13.20772125 79068
ONEWEB-0348             
1 49213U 21083AD  23059.80727351  .00000041  00000+0  69728-4 0  9995
2 49213  87.9329 154.1583 0002287 104.2756 255.8632 13.20771223 77834
ONEWEB-0348             
1 49213U 21083AD  23060.26181288  .00000094  00000+0  19838-3 0  9994
2 49213  87.9329 154.0684 0002304 103.8470 256.2919 13.20772594 77894
ONEWEB-0348             
1 49213U 21083AD  23061.01935536  .00002190  00000+0  53519-2 0  9993
2 49213  87.9334 153.9186 0002403 103.0399 257.1002 13.20790490 79291
ONEWEB-0348             
1 49213U 21083AD  23061.70117540 -.00000025  00000+0 -93054-4 0  9993
2 49213  87.9365 153.7823 0002520  96.9652 263.1768 13.20775366 78080
ONEWEB-0348             
1 49213U 21083AD  23062.30723359 -.00000781  00000+0 -19525-2 0  9999
2 49213  87.9327 153.6638 0002290  99.1499 260.9894 13.20771914 78168
ONEWEB-0348             
1 49213U 21083AD  23062.30723359 -.00000781  00000+0 -19525-2 0  9999
2 49213  87.9327 153.6638 0002290  99.1499 260.9894 13.20771914 79462
