ONEWEB-0065             
1 45164U 20008AK  23059.06142120  .00000399  00000+0  11064-2 0  9999
2 45164  87.8755 275.7111 0001630  81.9328 278.1984 13.10370803150053
ONEWEB-0065             
1 45164U 20008AK  23059.82499874  .00000460  00000+0  12809-2 0  9991
2 45164  87.8756 275.5589 0001624  80.8004 279.3307 13.10371187150893
ONEWEB-0065             
1 45164U 20008AK  23060.89400541  .00000716  00000+0  20153-2 0  9998
2 45164  87.8756 275.3453 0001641  81.1756 278.9557 13.10372464150293
ONEWEB-0065             
1 45164U 20008AK  23061.12307833  .00000695  00000+0  19559-2 0  9999
2 45164  87.8757 275.2996 0001627  81.0870 279.0442 13.10372649151061
ONEWEB-0065             
1 45164U 20008AK  23061.58122358  .00000729  00000+0  20516-2 0  9999
2 45164  87.8759 275.2082 0001645  81.0756 279.0558 13.10373186150381
ONEWEB-0065             
1 45164U 20008AK  23062.11572651  .00000725  00000+0  20403-2 0  9995
2 45164  87.8758 275.1014 0001641  81.1580 278.9733 13.10373258150457
ONEWEB-0065             
1 45164U 20008AK  23062.49751381  .00000708  00000+0  19904-2 0  9990
2 45164  87.8759 275.0252 0001632  81.0115 279.1197 13.10373732151246
ONEWEB-0065             
1 45164U 20008AK  23062.87930108  .00000625  00000+0  17536-2 0  9995
2 45164  87.8759 274.9489 0001620  81.1914 278.9397 13.10374134150550
