ONEWEB-0709             
1 55172U 23004AJ  23059.33334491 -.00918850  00000+0 -31260+0 0  9991
2 55172  86.9258 265.3774 0014447  74.4163 311.6176 14.39617483  7388
ONEWEB-0709             
1 55172U 23004AJ  23059.58334491 -.00950970  00000+0 -32738+0 0  9998
2 55172  86.9295 265.2874 0014545  74.6618 165.9610 14.39132394  1307
ONEWEB-0709             
1 55172U 23004AJ  23059.91667824 -.00725982  00000+0 -25177+0 0  9996
2 55172  86.9344 265.1668 0014603  73.9890  92.1150 14.38444238  1303
ONEWEB-0709             
1 55172U 23004AJ  23060.25001157 -.00983054  00000+0 -34715+0 0  9990
2 55172  86.9397 265.0483 0014608  73.4899  17.3601 14.37964176  7510
ONEWEB-0709             
1 55172U 23004AJ  23060.58334491 -.00933750  00000+0 -33300+0 0  9993
2 55172  86.9447 264.9292 0014368  73.2366 301.6607 14.37308944  7567
ONEWEB-0709             
1 55172U 23004AJ  23060.91667824 -.00881902  00000+0 -31771+0 0  9990
2 55172  86.9501 264.8096 0014373  72.7084 225.4772 14.36628353  1306
ONEWEB-0709             
1 55172U 23004AJ  23061.83334491 -.00920303  00000+0 -34424+0 0  9990
2 55172  86.9647 264.4847 0014259  70.6104 282.5466 14.34858945  1304
ONEWEB-0709             
1 55172U 23004AJ  23062.58334491 -.00941104  00000+0 -36260+0 0  9995
2 55172  86.9767 264.2217 0014409  69.7351 193.1055 14.33423000  1306
ONEWEB-0709             
1 55172U 23004AJ  23062.58334491 -.00941104  00000+0 -36260+0 0  9995
2 55172  86.9767 264.2217 0014409  69.7351 193.1055 14.33423000  7841
ONEWEB-0709             
1 55172U 23004AJ  23062.91667824 -.00876962  00000+0 -34107+0 0  9998
2 55172  86.9819 264.1039 0014606  68.3933 113.0692 14.32731673  1300
