ONEWEB-0110             
1 47260U 20100C   23059.46857942  .00000520  00000+0  14107-2 0  9997
2 47260  87.8935 229.9651 0001433 105.4446 254.6841 13.12445141106700
ONEWEB-0110             
1 47260U 20100C   23059.54481640  .00000494  00000+0  13377-2 0  9992
2 47260  87.8936 229.9500 0001439 105.4234 254.7053 13.12445498106717
ONEWEB-0110             
1 47260U 20100C   23059.92598737  .00002190  00000+0  60488-2 0  9990
2 47260  87.8939 229.8744 0001604 105.7952 254.3354 13.12457092106761
ONEWEB-0110             
1 47260U 20100C   23060.15469689  .00002071  00000+0  57187-2 0  9990
2 47260  87.8939 229.8290 0001626 106.1760 253.9547 13.12457543106796
ONEWEB-0110             
1 47260U 20100C   23060.84082171  .00002114  00000+0  58395-2 0  9993
2 47260  87.8941 229.6927 0001695 105.7543 254.3773 13.12460298106881
ONEWEB-0110             
1 47260U 20100C   23061.83191684 -.00000846  00000+0 -23860-2 0  9994
2 47260  87.8951 229.4958 0002004 109.0140 251.1206 13.12444771107019
ONEWEB-0110             
1 47260U 20100C   23062.44180894 -.00001461  00000+0 -40959-2 0  9995
2 47260  87.8954 229.3745 0001516 104.8283 255.3013 13.12448896107095
ONEWEB-0110             
1 47260U 20100C   23062.74675656 -.00001553  00000+0 -43525-2 0  9997
2 47260  87.8945 229.3140 0001541 106.1220 254.0078 13.12448380107138
ONEWEB-0110             
1 47260U 20100C   23062.97546803 -.00001786  00000+0 -50013-2 0  9991
2 47260  87.8947 229.2686 0001374 108.0801 252.0477 13.12447907107162
