ONEWEB-0049             
1 45154U 20008Z   23059.52892357 -.00000015  00000+0 -79145-4 0  9996
2 45154  87.8754 275.6017 0001916  83.5907 276.5438 13.10375118150266
ONEWEB-0049             
1 45154U 20008Z   23059.83435356  .00000057  00000+0  12591-3 0  9997
2 45154  87.8753 275.5408 0001906  83.1132 277.0212 13.10375061151087
ONEWEB-0049             
1 45154U 20008Z   23060.82700121  .00000215  00000+0  57948-3 0  9994
2 45154  87.8756 275.3431 0001889  81.3115 278.8226 13.10375259150436
ONEWEB-0049             
1 45154U 20008Z   23061.13243082  .00000404  00000+0  11202-2 0  9999
2 45154  87.8755 275.2821 0001879  80.6248 279.5092 13.10375396151257
ONEWEB-0049             
1 45154U 20008Z   23061.81964767  .00000457  00000+0  12724-2 0  9992
2 45154  87.8756 275.1450 0001880  79.8161 280.3178 13.10376287150569
ONEWEB-0049             
1 45154U 20008Z   23062.58322219  .00000521  00000+0  14550-2 0  9998
2 45154  87.8755 274.9925 0001883  79.4537 280.6802 13.10376379150668
ONEWEB-0049             
1 45154U 20008Z   23062.58322219  .00000521  00000+0  14550-2 0  9998
2 45154  87.8755 274.9925 0001883  79.4537 280.6802 13.10376379151445
ONEWEB-0049             
1 45154U 20008Z   23062.81229387  .00000627  00000+0  17591-2 0  9991
2 45154  87.8755 274.9466 0001883  80.3606 279.7734 13.10376786150694
