ONEWEB-0246             
1 48786U 21045V   23059.27801318  .00000168  00000+0  41180-3 0  9995
2 48786  87.9088 139.0932 0001366 106.9188 253.2092 13.15546445 86972
ONEWEB-0246             
1 48786U 21045V   23059.73435780  .00000130  00000+0  31187-3 0  9997
2 48786  87.9089 139.0026 0001368 108.4958 251.6321 13.15546394 85914
ONEWEB-0246             
1 48786U 21045V   23060.57098813  .00000193  00000+0  47871-3 0  9999
2 48786  87.9089 138.8367 0001391 108.3242 251.8040 13.15547493 86024
ONEWEB-0246             
1 48786U 21045V   23060.57098813  .00000193  00000+0  47871-3 0  9999
2 48786  87.9089 138.8367 0001391 108.3242 251.8040 13.15547493 87148
ONEWEB-0246             
1 48786U 21045V   23061.25550577  .00000046  00000+0  87424-4 0  9991
2 48786  87.9091 138.7010 0001379 108.7953 251.3326 13.15546564 86110
ONEWEB-0246             
1 48786U 21045V   23062.24425270 -.00000126  00000+0 -37001-3 0  9998
2 48786  87.9090 138.5049 0001400 108.9411 251.1871 13.15546094 86240
ONEWEB-0246             
1 48786U 21045V   23062.24425270 -.00000126  00000+0 -37001-3 0  9998
2 48786  87.9090 138.5049 0001400 108.9411 251.1871 13.15546094 87364
ONEWEB-0246             
1 48786U 21045V   23062.62453904 -.00000097  00000+0 -29128-3 0  9993
2 48786  87.9089 138.4298 0001426 108.6482 251.4803 13.15547096 86292
