ONEWEB-0041             
1 45148U 20008T   23059.47812066  .00000114  00000+0  16055-3 0  9990
2 45148  87.9265 253.9994 0019459  85.0677 275.2693 13.48381435156504
ONEWEB-0041             
1 45148U 20008T   23059.55232743  .00000111  00000+0  15535-3 0  9996
2 45148  87.9265 253.9839 0019460  84.8767 275.4602 13.48381430155709
ONEWEB-0041             
1 45148U 20008T   23059.92336125  .00000107  00000+0  15038-3 0  9999
2 45148  87.9266 253.9066 0019459  83.9201 276.4165 13.48381448155752
ONEWEB-0041             
1 45148U 20008T   23060.81384219  .00000106  00000+0  14742-3 0  9996
2 45148  87.9266 253.7211 0019450  81.6142 278.7211 13.48381561155878
ONEWEB-0041             
1 45148U 20008T   23060.81384219  .00000106  00000+0  14742-3 0  9996
2 45148  87.9266 253.7211 0019450  81.6142 278.7211 13.48381561156688
ONEWEB-0041             
1 45148U 20008T   23061.77852968  .00000108  00000+0  15116-3 0  9991
2 45148  87.9267 253.5202 0019431  79.1126 281.2209 13.48381731156001
ONEWEB-0041             
1 45148U 20008T   23062.22376989  .00000118  00000+0  16674-3 0  9997
2 45148  87.9267 253.4274 0019426  77.9692 282.3632 13.48381888156877
ONEWEB-0041             
1 45148U 20008T   23062.44638997  .00000122  00000+0  17400-3 0  9994
2 45148  87.9266 253.3811 0019421  77.3855 282.9464 13.48381973156090
ONEWEB-0041             
1 45148U 20008T   23062.89163009  .00000130  00000+0  18702-3 0  9995
2 45148  87.9267 253.2883 0019410  76.2480 284.0828 13.48382110156157
