ONEWEB-0059             
1 45162U 20008AH  23059.51489784  .00000547  00000+0  15304-2 0  9993
2 45162  87.8756 275.6451 0001374  86.2240 273.9044 13.10371495151299
ONEWEB-0059             
1 45162U 20008AH  23059.59125524  .00000653  00000+0  18338-2 0  9998
2 45162  87.8756 275.6299 0001373  86.1369 273.9916 13.10371566150565
ONEWEB-0059             
1 45162U 20008AH  23059.89668572  .00000721  00000+0  20289-2 0  9990
2 45162  87.8757 275.5693 0001364  83.7308 276.3975 13.10371900150608
ONEWEB-0059             
1 45162U 20008AH  23060.58390431  .00000689  00000+0  19369-2 0  9994
2 45162  87.8756 275.4320 0001357  84.0752 276.0530 13.10372604151430
ONEWEB-0059             
1 45162U 20008AH  23060.88933461  .00000729  00000+0  20531-2 0  9991
2 45162  87.8756 275.3710 0001353  84.2860 275.8421 13.10372582150733
ONEWEB-0059             
1 45162U 20008AH  23061.57655221  .00000637  00000+0  17894-2 0  9999
2 45162  87.8758 275.2337 0001335  83.2160 276.9119 13.10373457150829
ONEWEB-0059             
1 45162U 20008AH  23062.11105377  .00000699  00000+0  19673-2 0  9997
2 45162  87.8757 275.1270 0001335  83.9822 276.1458 13.10374072150894
ONEWEB-0059             
1 45162U 20008AH  23062.11105377  .00000699  00000+0  19673-2 0  9997
2 45162  87.8757 275.1270 0001335  83.9822 276.1458 13.10374072151637
ONEWEB-0059             
1 45162U 20008AH  23062.87462727  .00000626  00000+0  17573-2 0  9992
2 45162  87.8759 274.9744 0001342  84.0905 276.0375 13.10374853150996
