ONEWEB-0197             
1 48236U 21031AC  23059.06451698  .00000326  00000+0  84419-3 0  9997
2 48236  87.9130 169.4332 0001707 111.4021 248.7291 13.14503883 89866
ONEWEB-0197             
1 48236U 21031AC  23059.36898953  .00000208  00000+0  52630-3 0  9998
2 48236  87.9130 169.3730 0001735 111.2569 248.8746 13.14502509 89908
ONEWEB-0197             
1 48236U 21031AC  23059.82569620  .00000250  00000+0  63987-3 0  9999
2 48236  87.9129 169.2828 0001752 111.3343 248.7974 13.14502508 89960
ONEWEB-0197             
1 48236U 21031AC  23060.35851970  .00000260  00000+0  66653-3 0  9995
2 48236  87.9130 169.1775 0001780 111.3495 248.7824 13.14503387 90031
ONEWEB-0197             
1 48236U 21031AC  23061.80475671 -.00000001  00000+0 -38093-4 0  9999
2 48236  87.9133 168.8918 0001804 111.6405 248.4917 13.14503231 90229
ONEWEB-0197             
1 48236U 21031AC  23062.33758030 -.00000071  00000+0 -22695-3 0  9998
2 48236  87.9133 168.7866 0001789 111.6301 248.5019 13.14503288 90290
