ONEWEB-0162             
1 48056U 21025Q   23059.44367089  .00000310  00000+0  81363-3 0  9990
2 48056  87.9075 199.6408 0001615 101.3577 258.7733 13.13472617 95379
ONEWEB-0162             
1 48056U 21025Q   23059.44367089  .00000310  00000+0  81363-3 0  9990
2 48056  87.9075 199.6408 0001615 101.3577 258.7733 13.13472617 95391
ONEWEB-0162             
1 48056U 21025Q   23059.90073512  .00000229  00000+0  59115-3 0  9995
2 48056  87.9076 199.5504 0001615 101.5825 258.5485 13.13472826 95457
ONEWEB-0162             
1 48056U 21025Q   23060.66250768  .00000208  00000+0  53361-3 0  9994
2 48056  87.9076 199.3998 0001642 101.6428 258.4885 13.13473674 95536
ONEWEB-0162             
1 48056U 21025Q   23060.89104067  .00000007  00000+0 -15181-4 0  9996
2 48056  87.9077 199.3546 0001636 102.1226 258.0087 13.13472866 95588
ONEWEB-0162             
1 48056U 21025Q   23061.80516988 -.00000292  00000+0 -83452-3 0  9999
2 48056  87.9080 199.1739 0001599 102.3726 257.7582 13.13471723 95700
ONEWEB-0162             
1 48056U 21025Q   23062.41459070 -.00000474  00000+0 -13332-2 0  9996
2 48056  87.9080 199.0534 0001607 102.0901 258.0408 13.13470235 95768
ONEWEB-0162             
1 48056U 21025Q   23062.41459070 -.00000474  00000+0 -13332-2 0  9996
2 48056  87.9080 199.0534 0001607 102.0901 258.0408 13.13470235 95780
ONEWEB-0162             
1 48056U 21025Q   23062.87165605 -.00000597  00000+0 -16688-2 0  9997
2 48056  87.9081 198.9631 0001598 102.4219 257.7089 13.13470050 95845
