ONEWEB-0378             
1 49304U 21090AB  23059.45731729  .00000062  00000+0  12029-3 0  9993
2 49304  87.9331 154.2228 0001749  97.7785 262.3547 13.20770158 70753
ONEWEB-0378             
1 49304U 21090AB  23059.45731729  .00000062  00000+0  12029-3 0  9993
2 49304  87.9331 154.2228 0001749  97.7785 262.3547 13.20770158 72070
ONEWEB-0378             
1 49304U 21090AB  23059.76034534  .00000021  00000+0  18981-4 0  9996
2 49304  87.9330 154.1629 0001750  97.5765 262.5567 13.20769854 70793
ONEWEB-0378             
1 49304U 21090AB  23060.29064337  .00000017  00000+0  91587-5 0  9999
2 49304  87.9329 154.0578 0001770  98.6813 261.4521 13.20770200 70864
ONEWEB-0378             
1 49304U 21090AB  23060.97245508  .00000077  00000+0  15811-3 0  9995
2 49304  87.9327 153.9230 0001772  98.5638 261.5696 13.20770404 72278
ONEWEB-0378             
1 49304U 21090AB  23061.80578177 -.00000033  00000+0 -11337-3 0  9992
2 49304  87.9328 153.7581 0001775  98.5964 261.5370 13.20769347 71060
ONEWEB-0378             
1 49304U 21090AB  23062.33607776  .00000132  00000+0  29353-3 0  9994
2 49304  87.9323 153.6529 0001780  98.2927 261.8408 13.20771141 71136
ONEWEB-0378             
1 49304U 21090AB  23062.33607776  .00000132  00000+0  29353-3 0  9994
2 49304  87.9323 153.6529 0001780  98.2927 261.8408 13.20771141 72452
ONEWEB-0378             
1 49304U 21090AB  23062.63910552  .00000037  00000+0  60147-4 0  9997
2 49304  87.9321 153.5925 0001745  97.1715 262.9617 13.20770892 71177
