ONEWEB-0461             
1 51649U 22012AD  23059.56998448  .00000072  00000+0  15365-3 0  9995
2 51649  87.9126 245.0722 0001960  88.4047 271.7309 13.17133792 55252
ONEWEB-0461             
1 51649U 22012AD  23059.56998448  .00000072  00000+0  15365-3 0  9995
2 51649  87.9126 245.0722 0001960  88.4047 271.7309 13.17133792 56545
ONEWEB-0461             
1 51649U 22012AD  23059.87384814  .00000041  00000+0  73575-4 0  9999
2 51649  87.9127 245.0119 0001966  88.4941 271.6416 13.17133566 55293
ONEWEB-0461             
1 51649U 22012AD  23060.78543772  .00000069  00000+0  14456-3 0  9993
2 51649  87.9127 244.8309 0001964  88.1729 271.9627 13.17134168 55410
ONEWEB-0461             
1 51649U 22012AD  23060.78543772  .00000069  00000+0  14456-3 0  9993
2 51649  87.9127 244.8309 0001964  88.1729 271.9627 13.17134168 56703
ONEWEB-0461             
1 51649U 22012AD  23061.77299426  .00000018  00000+0  14381-4 0  9999
2 51649  87.9130 244.6348 0001933  87.7172 272.4180 13.17133606 55548
ONEWEB-0461             
1 51649U 22012AD  23062.45668617  .00000061  00000+0  12609-3 0  9995
2 51649  87.9130 244.4991 0001913  87.6624 272.4726 13.17134342 55633
ONEWEB-0461             
1 51649U 22012AD  23062.45668617  .00000061  00000+0  12609-3 0  9995
2 51649  87.9130 244.4991 0001913  87.6624 272.4726 13.17134342 56926
ONEWEB-0461             
1 51649U 22012AD  23062.76054979  .00000020  00000+0  18528-4 0  9991
2 51649  87.9132 244.4388 0001915  87.5081 272.6270 13.17134153 55673
