ONEWEB-0113             
1 48050U 21025J   23059.44791579  .00000294  00000+0  77047-3 0  9994
2 48050  87.9081 199.6833 0001335 100.4602 259.6678 13.13470126 95438
ONEWEB-0113             
1 48050U 21025J   23059.67644921  .00000228  00000+0  58864-3 0  9990
2 48050  87.9081 199.6381 0001341 101.1170 259.0110 13.13469384 95463
ONEWEB-0113             
1 48050U 21025J   23059.90498049  .00000344  00000+0  90771-3 0  9996
2 48050  87.9081 199.5929 0001354 101.3741 258.7541 13.13470683 95491
ONEWEB-0113             
1 48050U 21025J   23060.89528782  .00000167  00000+0  42161-3 0  9997
2 48050  87.9081 199.3972 0001385 102.2054 257.9230 13.13470819 95620
ONEWEB-0113             
1 48050U 21025J   23061.12381955  .00000167  00000+0  42205-3 0  9992
2 48050  87.9081 199.3520 0001383 102.4043 257.7241 13.13471489 95654
ONEWEB-0113             
1 48050U 21025J   23061.80941753 -.00000026  00000+0 -10658-3 0  9998
2 48050  87.9083 199.2164 0001377 103.0297 257.0986 13.13470465 95742
ONEWEB-0113             
1 48050U 21025J   23062.34265853 -.00000021  00000+0 -91517-4 0  9997
2 48050  87.9085 199.1111 0001354 102.7905 257.3376 13.13471411 95818
ONEWEB-0113             
1 48050U 21025J   23062.41883560  .00000000  00000+0 -35174-4 0  9999
2 48050  87.9084 199.0961 0001362 103.1376 256.9906 13.13471664 95820
ONEWEB-0113             
1 48050U 21025J   23062.87590090 -.00000229  00000+0 -66096-3 0  9992
2 48050  87.9086 199.0056 0001348 104.3128 255.8150 13.13471209 95889
