ONEWEB-0250             
1 48968U 21060B   23059.12452735  .00000091  00000+0  20425-3 0  9997
2 48968  87.9003 108.7476 0001597 108.7393 251.3911 13.16591830 82313
ONEWEB-0250             
1 48968U 21060B   23059.50451221  .00000164  00000+0  39602-3 0  9996
2 48968  87.9003 108.6717 0001621 108.7538 251.3769 13.16592385 81078
ONEWEB-0250             
1 48968U 21060B   23059.88449814  .00000026  00000+0  33969-4 0  9990
2 48968  87.9001 108.5959 0001631 109.0763 251.0545 13.16592154 81127
ONEWEB-0250             
1 48968U 21060B   23060.18848667 -.00000038  00000+0 -13304-3 0  9999
2 48968  87.9001 108.5353 0001636 108.8340 251.2969 13.16592054 82456
ONEWEB-0250             
1 48968U 21060B   23060.87245972  .00000100  00000+0  22737-3 0  9993
2 48968  87.8999 108.3988 0001675 108.2849 251.8465 13.16592452 81250
ONEWEB-0250             
1 48968U 21060B   23061.63243106  .00000002  00000+0 -28964-4 0  9996
2 48968  87.8996 108.2469 0001688 109.2393 250.8920 13.16591800 81351
ONEWEB-0250             
1 48968U 21060B   23062.16441008  .00000043  00000+0  80141-4 0  9995
2 48968  87.8995 108.1406 0001694 109.2011 250.9303 13.16592240 81427
ONEWEB-0250             
1 48968U 21060B   23062.16441008  .00000043  00000+0  80141-4 0  9995
2 48968  87.8995 108.1406 0001694 109.2011 250.9303 13.16592240 82710
ONEWEB-0250             
1 48968U 21060B   23062.84838414 -.00000058  00000+0 -18637-3 0  9999
2 48968  87.8994 108.0041 0001704 108.8636 251.2680 13.16592116 81514
