ONEWEB-0712             
1 54680U 22166AQ  23059.58334491  .00057126  00000+0  84816-2 0  9995
2 54680  86.5643 122.6763 0010754 326.9588 127.5127 14.74697725  1303
ONEWEB-0712             
1 54680U 22166AQ  23059.66667824  .00015294  00000+0  22807-2 0  9995
2 54680  86.5642 122.6410 0010751 326.7336 209.8541 14.74723259 12866
ONEWEB-0712             
1 54680U 22166AQ  23059.91667824 -.00004840  00000+0 -72892-3 0  9990
2 54680  86.5643 122.5359 0010632 325.6980  97.2757 14.74722112  1301
ONEWEB-0712             
1 54680U 22166AQ  23060.58334491  .00053597  00000+0  79604-2 0  9994
2 54680  86.5644 122.2512 0010628 322.8919  37.1014 14.74705095 13006
ONEWEB-0712             
1 54680U 22166AQ  23061.00001157  .00056309  00000+0  83613-2 0  9991
2 54680  86.5645 122.0753 0010443 321.0603  89.5794 14.74699506  1303
ONEWEB-0712             
1 54680U 22166AQ  23061.25001157 -.00048587  00000+0 -73238-2 0  9991
2 54680  86.5644 121.9685 0010499 319.5818 337.4201 14.74760969 13094
ONEWEB-0712             
1 54680U 22166AQ  23061.83334491 -.00050863  00000+0 -76702-2 0  9994
2 54680  86.5643 121.7206 0010397 317.9050 194.0063 14.74756893  1302
ONEWEB-0712             
1 54680U 22166AQ  23062.48325142  .00001949  00000+0  28777-3 0  9998
2 54680  86.5636 121.4434 0010489 315.1364  44.9006 14.74735894 12832
ONEWEB-0712             
1 54680U 22166AQ  23062.48325142  .00001949  00000+0  28777-3 0  9998
2 54680  86.5636 121.4434 0010489 315.1364  44.9006 14.74735894 13282
ONEWEB-0712             
1 54680U 22166AQ  23062.82251675  .00002109  00000+0  31171-3 0  9996
2 54680  86.5635 121.2991 0010450 313.7588  46.2765 14.74738399 12882
