ONEWEB-0107             
1 48048U 21025G   23059.43101270 -.00000007  00000+0 -53977-4 0  9994
2 48048  87.9076 199.6442 0001968 110.8679 249.2661 13.13476536 95377
ONEWEB-0107             
1 48048U 21025G   23059.88807480 -.00000088  00000+0 -27578-3 0  9995
2 48048  87.9076 199.5538 0001967 110.8515 249.2825 13.13477281 95437
ONEWEB-0107             
1 48048U 21025G   23060.11660582 -.00000042  00000+0 -15109-3 0  9990
2 48048  87.9077 199.5087 0001974 110.8748 249.2593 13.13477317 95468
ONEWEB-0107             
1 48048U 21025G   23060.87837761 -.00000242  00000+0 -69745-3 0  9995
2 48048  87.9075 199.3580 0002016 110.6283 249.5063 13.13476878 95569
ONEWEB-0107             
1 48048U 21025G   23061.79250403 -.00000359  00000+0 -10181-2 0  9997
2 48048  87.9078 199.1774 0002004 110.3184 249.8160 13.13476201 95683
ONEWEB-0107             
1 48048U 21025G   23062.40192004 -.00000171  00000+0 -50286-3 0  9991
2 48048  87.9072 199.0561 0002008 110.6189 249.5155 13.13477466 95766
ONEWEB-0107             
1 48048U 21025G   23062.85898422 -.00000355  00000+0 -10069-2 0  9995
2 48048  87.9074 198.9654 0001959 110.1297 250.0043 13.13477022 95826
