ONEWEB-0310             
1 49096U 21075X   23059.23140196  .00000473  00000+0  12804-2 0  9998
2 49096  87.8900 230.0224 0001494 107.6275 252.5016 13.12444109 78130
ONEWEB-0310             
1 49096U 21075X   23059.53635095  .00000396  00000+0  10649-2 0  9997
2 49096  87.8901 229.9617 0001515 107.5941 252.5353 13.12443861 77178
ONEWEB-0310             
1 49096U 21075X   23059.91753578  .00000480  00000+0  12989-2 0  9999
2 49096  87.8901 229.8858 0001524 107.7616 252.3679 13.12444598 77228
ONEWEB-0310             
1 49096U 21075X   23060.45119511  .00000472  00000+0  12766-2 0  9997
2 49096  87.8903 229.7796 0001538 107.6848 252.4448 13.12444771 78297
ONEWEB-0310             
1 49096U 21075X   23060.90861734  .00000359  00000+0  96202-3 0  9990
2 49096  87.8905 229.6887 0001537 108.0800 252.0496 13.12444867 77352
ONEWEB-0310             
1 49096U 21075X   23061.82345983  .00000362  00000+0  97157-3 0  9999
2 49096  87.8908 229.5067 0001536 108.2079 251.9217 13.12445939 77476
ONEWEB-0310             
1 49096U 21075X   23062.35711841  .00000267  00000+0  70669-3 0  9991
2 49096  87.8911 229.4005 0001528 108.2042 251.9253 13.12445793 78549
ONEWEB-0310             
1 49096U 21075X   23062.43335578  .00000170  00000+0  43837-3 0  9999
2 49096  87.8911 229.3853 0001533 108.1484 251.9811 13.12445503 77553
ONEWEB-0310             
1 49096U 21075X   23062.89077711  .00000021  00000+0  22555-4 0  9991
2 49096  87.8912 229.2944 0001537 108.6544 251.4751 13.12445792 77615
