ONEWEB-0604             
1 54668U 22166AC  23059.25001157 -.00791255  00000+0 -63294+0 0  9999
2 54668  87.1113 126.0719 0007850 355.5045  93.7739 13.93912134 12529
ONEWEB-0604             
1 54668U 22166AC  23059.58334491 -.00714806  00000+0 -57456+0 0  9995
2 54668  87.1178 125.9666 0007682 354.0939 326.5246 13.93338948  1307
ONEWEB-0604             
1 54668U 22166AC  23060.00001157 -.00726929  00000+0 -59153+0 0  9999
2 54668  87.1267 125.8373 0007546 353.9370 254.9490 13.92680639 12635
ONEWEB-0604             
1 54668U 22166AC  23060.58334491 -.00716623  00000+0 -59217+0 0  9993
2 54668  87.1383 125.6549 0007512 351.0936 299.7014 13.91756930 12712
ONEWEB-0604             
1 54668U 22166AC  23061.00001157 -.00723972  00000+0 -60543+0 0  9990
2 54668  87.1469 125.5267 0007435 350.6660 226.0261 13.91096915  1306
ONEWEB-0604             
1 54668U 22166AC  23061.25001157 -.00793738  00000+0 -67092+0 0  9990
2 54668  87.1520 125.4492 0007536 348.1997  39.5364 13.90748263 12807
ONEWEB-0604             
1 54668U 22166AC  23061.83334491 -.00570973  00000+0 -48586+0 0  9995
2 54668  87.1616 125.2701 0007501 347.7757  77.7081 13.89889137 12887
ONEWEB-0604             
1 54668U 22166AC  23061.83334491 -.00570973  00000+0 -48586+0 0  9995
2 54668  87.1616 125.2701 0007501 347.7757  77.7081 13.89889137  1302
ONEWEB-0604             
1 54668U 22166AC  23062.50001157 -.00723003  00000+0 -62742+0 0  9994
2 54668  87.1744 125.0654 0007387 344.3873 173.7875 13.88950482 12977
ONEWEB-0604             
1 54668U 22166AC  23062.58334491 -.00717399  00000+0 -62372+0 0  9992
2 54668  87.1762 125.0399 0007272 344.1095 230.4791 13.88820827  1302
ONEWEB-0604             
1 54668U 22166AC  23062.91667824 -.00761040  00000+0 -66944+0 0  9999
2 54668  87.1829 124.9396 0007336 342.5331  97.3292 13.88310408  1302
