ONEWEB-0428             
1 51629U 22012H   23059.54915295 -.00000621  00000+0 -18159-2 0  9995
2 51629  87.8759 275.6172 0000972  82.3295 277.7942 13.10372045 51523
ONEWEB-0428             
1 51629U 22012H   23059.62551009 -.00000559  00000+0 -16383-2 0  9990
2 51629  87.8760 275.6020 0000973  82.7794 277.3444 13.10372242 52811
ONEWEB-0428             
1 51629U 22012H   23059.85458342 -.00000602  00000+0 -17617-2 0  9991
2 51629  87.8759 275.5560 0000979  82.9391 277.1848 13.10371227 51567
ONEWEB-0428             
1 51629U 22012H   23060.84723165 -.00000560  00000+0 -16401-2 0  9993
2 51629  87.8755 275.3579 0001026  86.1470 273.9774 13.10371248 51698
ONEWEB-0428             
1 51629U 22012H   23060.84723165 -.00000560  00000+0 -16401-2 0  9993
2 51629  87.8755 275.3579 0001026  86.1470 273.9774 13.10371248 52970
ONEWEB-0428             
1 51629U 22012H   23061.61080839 -.00000444  00000+0 -13076-2 0  9999
2 51629  87.8753 275.2054 0000994  87.5081 272.6160 13.10370634 51793
ONEWEB-0428             
1 51629U 22012H   23062.14531262 -.00000407  00000+0 -12022-2 0  9998
2 51629  87.8749 275.0985 0000993  89.2760 270.8482 13.10370511 53143
ONEWEB-0428             
1 51629U 22012H   23062.52710221 -.00000374  00000+0 -11069-2 0  9997
2 51629  87.8749 275.0223 0000995  90.1624 269.9617 13.10369308 51914
ONEWEB-0428             
1 51629U 22012H   23062.83253313 -.00000334  00000+0 -99271-3 0  9993
2 51629  87.8748 274.9612 0000987  90.4703 269.6537 13.10369588 51957
