ONEWEB-0655             
1 54677U 22166AM  23059.25001157 -.00710482  00000+0 -57580+0 0  9993
2 54677  87.1108 126.1738 0009792 339.0468  73.0828 13.92841456 12525
ONEWEB-0655             
1 54677U 22166AM  23059.58334491 -.00634188  00000+0 -51986+0 0  9991
2 54677  87.1177 126.0689 0009667 337.9146 304.3040 13.92324834  1302
ONEWEB-0655             
1 54677U 22166AM  23059.91667824 -.00686532  00000+0 -56953+0 0  9996
2 54677  87.1248 125.9656 0009705 337.5989 174.1243 13.91875412  1307
ONEWEB-0655             
1 54677U 22166AM  23060.25001157 -.00714863  00000+0 -59395+0 0  9998
2 54677  87.1320 125.8615 0009732 335.1209  45.5334 13.91426438 12664
ONEWEB-0655             
1 54677U 22166AM  23060.91667824 -.00683219  00000+0 -58070+0 0  9999
2 54677  87.1460 125.6555 0009693 333.4712 143.3869 13.90459107 12754
ONEWEB-0655             
1 54677U 22166AM  23061.00001157 -.00640103  00000+0 -54353+0 0  9996
2 54677  87.1478 125.6296 0009592 333.1431 200.5858 13.90318648  1305
ONEWEB-0655             
1 54677U 22166AM  23061.83334491 -.00720880  00000+0 -62285+0 0  9991
2 54677  87.1656 125.3733 0009672 329.2576  51.1685 13.89186790  1308
ONEWEB-0655             
1 54677U 22166AM  23062.50001157 -.00639215  00000+0 -56287+0 0  9992
2 54677  87.1795 125.1695 0009700 326.7987 144.4729 13.88204939 12972
ONEWEB-0655             
1 54677U 22166AM  23062.58334491 -.00629640  00000+0 -55515+0 0  9994
2 54677  87.1813 125.1439 0009597 326.7067 200.7571 13.88087086  1300
ONEWEB-0655             
1 54677U 22166AM  23062.91667824 -.00676818  00000+0 -60360+0 0  9993
2 54677  87.1884 125.0437 0009606 324.8399  67.0531 13.87637006  1305
