ONEWEB-0035             
1 45143U 20008N   23059.01000210  .00000276  00000+0  75359-3 0  9996
2 45143  87.8758 275.7492 0001599  85.1455 274.9855 13.10366120150997
ONEWEB-0035             
1 45143U 20008N   23059.54450361  .00000544  00000+0  15230-2 0  9999
2 45143  87.8760 275.6428 0001532  84.5817 275.5485 13.10369315150175
ONEWEB-0035             
1 45143U 20008N   23059.84993485  .00000564  00000+0  15807-2 0  9993
2 45143  87.8757 275.5815 0001540  87.5750 272.5554 13.10368791150214
ONEWEB-0035             
1 45143U 20008N   23060.07900719  .00000630  00000+0  17683-2 0  9996
2 45143  87.8753 275.5356 0001563  86.8983 273.2323 13.10369844151139
ONEWEB-0035             
1 45143U 20008N   23060.84258418  .00000426  00000+0  11827-2 0  9990
2 45143  87.8751 275.3831 0001600  87.5643 272.5668 13.10370599150341
ONEWEB-0035             
1 45143U 20008N   23061.14801309 -.00000377  00000+0 -11169-2 0  9993
2 45143  87.8751 275.3221 0001589  86.8043 273.3266 13.10375471151276
ONEWEB-0035             
1 45143U 20008N   23061.60615799 -.00000306  00000+0 -91240-3 0  9991
2 45143  87.8749 275.2307 0001611  86.9950 273.1361 13.10375067150444
ONEWEB-0035             
1 45143U 20008N   23062.52244850 -.00000192  00000+0 -58770-3 0  9993
2 45143  87.8747 275.0475 0001615  87.7320 272.3992 13.10374354150562
ONEWEB-0035             
1 45143U 20008N   23062.52244850 -.00000192  00000+0 -58770-3 0  9993
2 45143  87.8747 275.0475 0001615  87.7320 272.3992 13.10374354151451
ONEWEB-0035             
1 45143U 20008N   23062.82787846 -.00000073  00000+0 -24464-3 0  9994
2 45143  87.8746 274.9866 0001614  87.2385 272.8927 13.10374292150607
