ONEWEB-0043             
1 45149U 20008U   23059.51179069  .00000602  00000+0  16885-2 0  9997
2 45149  87.8753 275.6394 0001887  79.1653 280.9686 13.10372791151194
ONEWEB-0043             
1 45149U 20008U   23059.58814820  .00000681  00000+0  19152-2 0  9992
2 45149  87.8753 275.6241 0001884  79.1073 281.0266 13.10372626150426
ONEWEB-0043             
1 45149U 20008U   23059.89357822  .00000685  00000+0  19254-2 0  9997
2 45149  87.8754 275.5631 0001881  78.9080 281.2259 13.10373103150460
ONEWEB-0043             
1 45149U 20008U   23060.58079498  .00000672  00000+0  18892-2 0  9998
2 45149  87.8756 275.4259 0001929  79.1188 281.0156 13.10374355151333
ONEWEB-0043             
1 45149U 20008U   23060.88622488  .00000801  00000+0  22569-2 0  9994
2 45149  87.8758 275.3650 0002043  82.8000 277.3360 13.10373772150595
ONEWEB-0043             
1 45149U 20008U   23061.57344131  .00000864  00000+0  24382-2 0  9991
2 45149  87.8759 275.2274 0001995  81.1748 278.9605 13.10373587150686
ONEWEB-0043             
1 45149U 20008U   23062.10794194  .00000664  00000+0  18659-2 0  9997
2 45149  87.8755 275.1208 0001880  77.8761 282.2577 13.10375336150756
ONEWEB-0043             
1 45149U 20008U   23062.10794194  .00000664  00000+0  18659-2 0  9997
2 45149  87.8755 275.1208 0001880  77.8761 282.2577 13.10375336151533
ONEWEB-0043             
1 45149U 20008U   23062.87151391  .00000526  00000+0  14695-2 0  9990
2 45149  87.8757 274.9682 0001849  76.8378 283.2955 13.10376475150856
