ONEWEB-0155             
1 48057U 21025R   23059.38866136  .00000169  00000+0  42842-3 0  9992
2 48057  87.9074 199.6544 0001489 104.0343 256.0952 13.13471869 95529
ONEWEB-0155             
1 48057U 21025R   23059.92190427  .00000189  00000+0  48191-3 0  9990
2 48057  87.9077 199.5490 0001501 103.7726 256.3570 13.13472355 95606
ONEWEB-0155             
1 48057U 21025R   23060.91221234  .00000239  00000+0  62003-3 0  9996
2 48057  87.9079 199.3533 0001547 104.8716 255.2585 13.13472027 95728
ONEWEB-0155             
1 48057U 21025R   23061.14074441  .00000304  00000+0  79719-3 0  9993
2 48057  87.9079 199.3082 0001561 105.7115 254.4186 13.13472430 95766
ONEWEB-0155             
1 48057U 21025R   23061.82634141  .00000275  00000+0  71928-3 0  9998
2 48057  87.9081 199.1729 0001526 106.1852 253.9445 13.13472412 95840
ONEWEB-0155             
1 48057U 21025R   23062.35958172  .00000435  00000+0  11571-2 0  9995
2 48057  87.9081 199.0675 0001535 106.4503 253.6795 13.13473850 95926
ONEWEB-0155             
1 48057U 21025R   23062.43575951  .00000399  00000+0  10568-2 0  9998
2 48057  87.9081 199.0524 0001542 106.5700 253.5599 13.13473366 95920
ONEWEB-0155             
1 48057U 21025R   23062.89282435  .00000193  00000+0  49373-3 0  9999
2 48057  87.9081 198.9621 0001526 107.0275 253.1021 13.13473125 95986
