ONEWEB-0200             
1 48244U 21031AL  23059.33092836 -.00000176  00000+0 -50857-3 0  9995
2 48244  87.9126 169.3801 0001799 120.7299 239.4008 13.14501577 89941
ONEWEB-0200             
1 48244U 21031AL  23059.86375342 -.00000259  00000+0 -73364-3 0  9999
2 48244  87.9124 169.2744 0001811 120.5146 239.6163 13.14501793 90012
ONEWEB-0200             
1 48244U 21031AL  23060.85328585 -.00000161  00000+0 -46909-3 0  9994
2 48244  87.9124 169.0787 0001840 118.4751 241.6564 13.14501683 90147
ONEWEB-0200             
1 48244U 21031AL  23061.00552093 -.00000066  00000+0 -21347-3 0  9998
2 48244  87.9124 169.0487 0001843 118.1228 242.0088 13.14502331 90173
ONEWEB-0200             
1 48244U 21031AL  23061.30999276 -.00000028  00000+0 -10879-3 0  9995
2 48244  87.9124 168.9885 0001853 117.9203 242.2114 13.14501954 90200
ONEWEB-0200             
1 48244U 21031AL  23062.29952561  .00000021  00000+0  21961-4 0  9996
2 48244  87.9121 168.7926 0001871 116.7995 243.3326 13.14502296 90348
ONEWEB-0200             
1 48244U 21031AL  23062.83235156  .00000035  00000+0  61296-4 0  9990
2 48244  87.9123 168.6875 0001842 116.4106 243.7213 13.14501871 90405
