ONEWEB-0410             
1 51622U 22012A   23059.56056765 -.00000363  00000+0 -97290-3 0  9995
2 51622  87.9109 245.1749 0003035  80.1546 279.9928 13.17289576 55060
ONEWEB-0410             
1 51622U 22012A   23059.56056765 -.00000363  00000+0 -97290-3 0  9995
2 51622  87.9109 245.1749 0003035  80.1546 279.9928 13.17289576 56353
ONEWEB-0410             
1 51622U 22012A   23059.78843726 -.00000323  00000+0 -86858-3 0  9994
2 51622  87.9109 245.1297 0003034  80.7226 279.4248 13.17290512 55093
ONEWEB-0410             
1 51622U 22012A   23060.54800590 -.00000196  00000+0 -54074-3 0  9995
2 51622  87.9111 244.9788 0003040  80.8922 279.2553 13.17289974 55197
ONEWEB-0410             
1 51622U 22012A   23061.00374849  .00000007  00000+0 -13951-4 0  9990
2 51622  87.9114 244.8884 0003038  80.4293 279.7181 13.17288115 56548
ONEWEB-0410             
1 51622U 22012A   23061.76331773  .00000086  00000+0  18871-3 0  9993
2 51622  87.9116 244.7376 0003032  79.4474 280.6998 13.17288336 55358
ONEWEB-0410             
1 51622U 22012A   23062.21905996 -.00000016  00000+0 -75382-4 0  9994
2 51622  87.9116 244.6471 0003017  78.9253 281.2218 13.17288100 56706
ONEWEB-0410             
1 51622U 22012A   23062.44693071  .00000008  00000+0 -13711-4 0  9995
2 51622  87.9117 244.6018 0003006  78.6161 281.5308 13.17288226 55449
ONEWEB-0410             
1 51622U 22012A   23062.75075790  .00000031  00000+0  46370-4 0  9993
2 51622  87.9118 244.5413 0003003  78.2687 281.8781 13.17288943 55482
