ONEWEB-0502             
1 54120U 22138H   23059.34730093 -.00000001  00000+0 -35166-4 0  9993
2 54120  87.9411 184.5684 0001274  90.1060 270.0219 13.19723710 17913
ONEWEB-0502             
1 54120U 22138H   23059.34730093 -.00000001  00000+0 -35166-4 0  9993
2 54120  87.9411 184.5684 0001274  90.1060 270.0219 13.19723710 18789
ONEWEB-0502             
1 54120U 22138H   23059.87802013 -.00000071  00000+0 -20866-3 0  9990
2 54120  87.9412 184.4640 0001251  89.5068 270.6209 13.19722844 17989
ONEWEB-0502             
1 54120U 22138H   23060.40873743 -.00000060  00000+0 -18168-3 0  9999
2 54120  87.9413 184.3599 0001231  91.0051 269.1223 13.19724085 18923
ONEWEB-0502             
1 54120U 22138H   23060.86363938  .00000030  00000+0  43513-4 0  9997
2 54120  87.9416 184.2705 0001225  91.6705 268.4568 13.19723060 18116
ONEWEB-0502             
1 54120U 22138H   23061.39435749  .00000075  00000+0  15516-3 0  9996
2 54120  87.9417 184.1661 0001236  92.9273 267.2001 13.19723377 18180
ONEWEB-0502             
1 54120U 22138H   23062.37997753  .00000013  00000+0  12641-5 0  9993
2 54120  87.9417 183.9723 0001238  94.3684 265.7590 13.19723934 18310
ONEWEB-0502             
1 54120U 22138H   23062.37997753  .00000013  00000+0  12641-5 0  9993
2 54120  87.9417 183.9723 0001238  94.3684 265.7590 13.19723934 19186
ONEWEB-0502             
1 54120U 22138H   23062.83487994 -.00000006  00000+0 -48182-4 0  9997
2 54120  87.9416 183.8825 0001242  97.3110 262.8164 13.19723026 18376
