ONEWEB-0121             
1 47267U 20100K   23059.51942134  .00000092  00000+0  22150-3 0  9990
2 47267  87.8935 229.9680 0001414  94.1828 265.9463 13.12444313106622
ONEWEB-0121             
1 47267U 20100K   23059.90060591  .00000053  00000+0  11149-3 0  9994
2 47267  87.8936 229.8922 0001416  94.7489 265.3801 13.12444529106676
ONEWEB-0121             
1 47267U 20100K   23060.73921191 -.00000053  00000+0 -18373-3 0  9997
2 47267  87.8935 229.7256 0001420  95.2482 264.8808 13.12444941106789
ONEWEB-0121             
1 47267U 20100K   23060.89168620 -.00000169  00000+0 -50647-3 0  9992
2 47267  87.8936 229.6953 0001406  95.7013 264.4276 13.12444631106806
ONEWEB-0121             
1 47267U 20100K   23061.73029308 -.00000271  00000+0 -78785-3 0  9992
2 47267  87.8938 229.5287 0001397  95.9724 264.1564 13.12444144106915
ONEWEB-0121             
1 47267U 20100K   23062.18771489 -.00000344  00000+0 -99123-3 0  9996
2 47267  87.8939 229.4380 0001377  96.2822 263.8464 13.12444275106976
ONEWEB-0121             
1 47267U 20100K   23062.41642562 -.00000276  00000+0 -80287-3 0  9996
2 47267  87.8939 229.3925 0001373  96.3379 263.7906 13.12444381107007
ONEWEB-0121             
1 47267U 20100K   23062.87384833 -.00000441  00000+0 -12614-2 0  9992
2 47267  87.8940 229.3016 0001358  96.9668 263.1615 13.12444051107061
