ONEWEB-0307             
1 49189U 21083D   23059.41088239 -.00000194  00000+0 -56666-3 0  9996
2 49189  87.9078 199.6619 0001601 103.7996 256.3311 13.13469370 72777
ONEWEB-0307             
1 49189U 21083D   23059.41088239 -.00000194  00000+0 -56666-3 0  9996
2 49189  87.9078 199.6619 0001601 103.7996 256.3311 13.13469370 74061
ONEWEB-0307             
1 49189U 21083D   23059.86794873 -.00000274  00000+0 -78616-3 0  9991
2 49189  87.9080 199.5713 0001588 103.8177 256.3128 13.13469322 72830
ONEWEB-0307             
1 49189U 21083D   23060.85825919 -.00000180  00000+0 -52844-3 0  9999
2 49189  87.9079 199.3755 0001590 103.5743 256.5563 13.13468788 72965
ONEWEB-0307             
1 49189U 21083D   23061.08679163 -.00000027  00000+0 -10880-3 0  9997
2 49189  87.9079 199.3304 0001582 103.2543 256.8763 13.13469379 74280
ONEWEB-0307             
1 49189U 21083D   23061.77239141  .00000024  00000+0  32160-4 0  9992
2 49189  87.9080 199.1949 0001564 102.2900 257.8404 13.13469442 73082
ONEWEB-0307             
1 49189U 21083D   23062.30563536  .00000145  00000+0  36139-3 0  9993
2 49189  87.9080 199.0895 0001556 102.0874 258.0430 13.13469801 74442
ONEWEB-0307             
1 49189U 21083D   23062.45799047  .00000249  00000+0  64586-3 0  9999
2 49189  87.9081 199.0595 0001565 102.5225 257.6079 13.13469942 73174
ONEWEB-0307             
1 49189U 21083D   23062.83888038  .00000135  00000+0  33389-3 0  9991
2 49189  87.9082 198.9842 0001540 102.5124 257.6178 13.13468925 73225
