ONEWEB-0204             
1 48225U 21031R   23059.31931403 -.00000115  00000+0 -34479-3 0  9999
2 48225  87.9130 169.4228 0001731  85.5021 274.6307 13.14501972 89960
ONEWEB-0204             
1 48225U 21031R   23059.31931403 -.00000115  00000+0 -34479-3 0  9999
2 48225  87.9130 169.4228 0001731  85.5021 274.6307 13.14501972 89971
ONEWEB-0204             
1 48225U 21031R   23059.85214052 -.00000193  00000+0 -55489-3 0  9992
2 48225  87.9129 169.3174 0001721  84.7951 275.3375 13.14501244 90034
ONEWEB-0204             
1 48225U 21031R   23060.38496457  .00000122  00000+0  29595-3 0  9992
2 48225  87.9128 169.2121 0001707  84.9988 275.1336 13.14502093 90117
ONEWEB-0204             
1 48225U 21031R   23060.84167162  .00000148  00000+0  36463-3 0  9991
2 48225  87.9129 169.1220 0001697  84.8169 275.3154 13.14502653 90162
ONEWEB-0204             
1 48225U 21031R   23061.83120335  .00000239  00000+0  60997-3 0  9992
2 48225  87.9126 168.9266 0001682  82.9604 277.1717 13.14503187 90295
ONEWEB-0204             
1 48225U 21031R   23061.83120335  .00000239  00000+0  60997-3 0  9992
2 48225  87.9126 168.9266 0001682  82.9604 277.1717 13.14503187 90307
ONEWEB-0204             
1 48225U 21031R   23062.28790895  .00000396  00000+0  10327-2 0  9991
2 48225  87.9126 168.8364 0001670  83.0333 277.0987 13.14504254 90352
