ONEWEB-0260             
1 48978U 21060M   23059.54041121 -.00000084  00000+0 -25382-3 0  9998
2 48978  87.8987 108.6538 0001903  71.5453 288.5885 13.16595596 81096
ONEWEB-0260             
1 48978U 21060M   23059.84439877  .00000026  00000+0  33197-4 0  9998
2 48978  87.8988 108.5931 0001886  71.0382 289.0954 13.16595279 81135
ONEWEB-0260             
1 48978U 21060M   23060.14838643 -.00000013  00000+0 -67987-4 0  9999
2 48978  87.8987 108.5324 0001889  70.9936 289.1399 13.16595569 82458
ONEWEB-0260             
1 48978U 21060M   23060.83235852  .00000034  00000+0  56546-4 0  9998
2 48978  87.8986 108.3959 0001862  70.9053 289.2280 13.16595705 81260
ONEWEB-0260             
1 48978U 21060M   23061.59232815  .00000026  00000+0  35616-4 0  9994
2 48978  87.8985 108.2437 0001853  69.7181 290.4149 13.16595329 81368
ONEWEB-0260             
1 48978U 21060M   23062.20030352 -.00000020  00000+0 -86749-4 0  9994
2 48978  87.8987 108.1222 0001822  68.5979 291.5346 13.16595306 81444
ONEWEB-0260             
1 48978U 21060M   23062.20030352 -.00000020  00000+0 -86749-4 0  9994
2 48978  87.8987 108.1222 0001822  68.5979 291.5346 13.16595306 82726
ONEWEB-0260             
1 48978U 21060M   23062.88427535  .00000080  00000+0  17609-3 0  9993
2 48978  87.8987 107.9858 0001791  69.8176 290.3147 13.16595436 81534
