ONEWEB-0148             
1 48059U 21025T   23059.14532020  .00000367  00000+0  97054-3 0  9995
2 48059  87.9079 199.7085 0002377  99.5367 260.6031 13.13471139 95426
ONEWEB-0148             
1 48059U 21025T   23059.45003071  .00000411  00000+0  10898-2 0  9998
2 48059  87.9079 199.6482 0002419  99.3103 260.8300 13.13470554 95464
ONEWEB-0148             
1 48059U 21025T   23059.90709569  .00000318  00000+0  83645-3 0  9990
2 48059  87.9079 199.5579 0002420  99.3863 260.7539 13.13471073 95522
ONEWEB-0148             
1 48059U 21025T   23060.44033770  .00000280  00000+0  73087-3 0  9992
2 48059  87.9079 199.4524 0002440  99.0087 261.1318 13.13471464 95599
ONEWEB-0148             
1 48059U 21025T   23060.89740253  .00000173  00000+0  43841-3 0  9998
2 48059  87.9080 199.3621 0002448  98.8548 261.2858 13.13471605 95659
ONEWEB-0148             
1 48059U 21025T   23061.81153154  .00000025  00000+0  32620-4 0  9999
2 48059  87.9081 199.1813 0002431  98.1329 262.0076 13.13471503 95774
ONEWEB-0148             
1 48059U 21025T   23062.42094971  .00000058  00000+0  12469-3 0  9992
2 48059  87.9082 199.0609 0002423  97.4486 262.6918 13.13472272 95858
ONEWEB-0148             
1 48059U 21025T   23062.87801466 -.00000147  00000+0 -43852-3 0  9997
2 48059  87.9081 198.9706 0002401  97.2313 262.9089 13.13471892 95912
