ONEWEB-0405             
1 50485U 21132S   23059.44724032  .00000051  00000+0  76749-4 0  9998
2 50485  87.9584 214.7969 0001698 135.9132 224.2144 13.32609784 63204
ONEWEB-0405             
1 50485U 21132S   23059.44724032  .00000051  00000+0  76749-4 0  9998
2 50485  87.9584 214.7969 0001698 135.9132 224.2144 13.32609784 64496
ONEWEB-0405             
1 50485U 21132S   23059.89774662  .00000081  00000+0  14011-3 0  9997
2 50485  87.9587 214.7071 0001725 135.7585 224.3693 13.32609571 63262
ONEWEB-0405             
1 50485U 21132S   23060.72367294  .00000230  00000+0  44579-3 0  9998
2 50485  87.9587 214.5424 0001793 135.0261 225.1024 13.32611042 64669
ONEWEB-0405             
1 50485U 21132S   23060.87384283  .00000165  00000+0  31131-3 0  9998
2 50485  87.9587 214.5125 0001779 135.6389 224.4894 13.32609500 63390
ONEWEB-0405             
1 50485U 21132S   23061.69977045  .00000144  00000+0  26891-3 0  9997
2 50485  87.9588 214.3476 0001827 134.1312 225.9979 13.32610139 63505
ONEWEB-0405             
1 50485U 21132S   23062.37616470 -.00074721  00000+0 -15660+0 0  9997
2 50485  87.9583 214.2127 0001871 150.2009 209.9238 13.32021849 63596
ONEWEB-0405             
1 50485U 21132S   23062.37616470 -.00074721  00000+0 -15660+0 0  9997
2 50485  87.9583 214.2127 0001871 150.2009 209.9238 13.32021849 64889
ONEWEB-0405             
1 50485U 21132S   23062.67701785 -.00115278  00000+0 -24405+0 0  9994
2 50485  87.9582 214.1531 0002535 156.8807 203.2447 13.31650847 63638
ONEWEB-0405             
1 50485U 21132S   23062.67701785 -.00115278  00000+0 -24405+0 0  9994
2 50485  87.9582 214.1531 0002535 156.8807 203.2447 13.31650847 64921
