ONEWEB-0263             
1 48981U 21060Q   23059.51928775  .00000051  00000+0  99873-4 0  9997
2 48981  87.9017 108.6680 0001282 106.9279 253.1993 13.16595977 81071
ONEWEB-0263             
1 48981U 21060Q   23059.59528471  .00000019  00000+0  15175-4 0  9991
2 48981  87.9016 108.6529 0001281 107.4586 252.6685 13.16596001 82384
ONEWEB-0263             
1 48981U 21060Q   23059.89927251  .00000049  00000+0  95041-4 0  9996
2 48981  87.9015 108.5924 0001286 108.1916 251.9355 13.16595608 81120
ONEWEB-0263             
1 48981U 21060Q   23060.88723128  .00000158  00000+0  38077-3 0  9990
2 48981  87.9015 108.3953 0001298 109.8919 250.2352 13.16595964 81252
ONEWEB-0263             
1 48981U 21060Q   23061.11522141  .00000183  00000+0  44430-3 0  9997
2 48981  87.9014 108.3498 0001315 109.8411 250.2861 13.16596571 82589
ONEWEB-0263             
1 48981U 21060Q   23061.57120406  .00000165  00000+0  39683-3 0  9999
2 48981  87.9012 108.2591 0001383 107.5485 252.5797 13.16594983 81342
ONEWEB-0263             
1 48981U 21060Q   23062.17917808  .00000052  00000+0  10348-3 0  9998
2 48981  87.9011 108.1376 0001338 110.1170 250.0105 13.16596218 82724
ONEWEB-0263             
1 48981U 21060Q   23062.55916238  .00000103  00000+0  23467-3 0  9999
2 48981  87.9008 108.0618 0001351 110.0486 250.0791 13.16595962 81479
ONEWEB-0263             
1 48981U 21060Q   23062.86314952  .00000072  00000+0  15369-3 0  9995
2 48981  87.9008 108.0011 0001366 110.6492 249.4786 13.16596321 81516
