ONEWEB-0360             
1 49286U 21090H   23059.25802695  .00000032  00000+0  46643-4 0  9998
2 49286  87.9334 154.2663 0001903 106.1046 254.0297 13.20770308 72080
ONEWEB-0360             
1 49286U 21090H   23059.33378403 -.00000012  00000+0 -60247-4 0  9998
2 49286  87.9334 154.2513 0001903 106.0407 254.0936 13.20770149 70805
ONEWEB-0360             
1 49286U 21090H   23059.78832589 -.00000098  00000+0 -27183-3 0  9992
2 49286  87.9334 154.1614 0001904 105.7504 254.3839 13.20769869 70869
ONEWEB-0360             
1 49286U 21090H   23060.31862349 -.00000045  00000+0 -14209-3 0  9997
2 49286  87.9333 154.0566 0001922 106.3448 253.7896 13.20770205 70937
ONEWEB-0360             
1 49286U 21090H   23060.31862349 -.00000045  00000+0 -14209-3 0  9997
2 49286  87.9333 154.0566 0001922 106.3448 253.7896 13.20770205 72221
ONEWEB-0360             
1 49286U 21090H   23061.30346311  .00000065  00000+0  12731-3 0  9991
2 49286  87.9334 153.8617 0001961 106.6433 253.4916 13.20770099 71068
ONEWEB-0360             
1 49286U 21090H   23062.28830289  .00000001  00000+0 -28660-4 0  9991
2 49286  87.9333 153.6666 0002014 107.5165 252.6189 13.20770515 71191
ONEWEB-0360             
1 49286U 21090H   23062.28830289  .00000001  00000+0 -28660-4 0  9991
2 49286  87.9333 153.6666 0002014 107.5165 252.6189 13.20770515 72484
