ONEWEB-0210             
1 48787U 21045W   23059.25265936 -.00000055  00000+0 -18038-3 0  9997
2 48787  87.9090 139.1093 0001252  79.9474 280.1797 13.15549929 87024
ONEWEB-0210             
1 48787U 21045W   23059.63294564 -.00000128  00000+0 -37283-3 0  9992
2 48787  87.9090 139.0338 0001227  80.9985 279.1284 13.15549893 85944
ONEWEB-0210             
1 48787U 21045W   23060.24140327 -.00000093  00000+0 -28008-3 0  9994
2 48787  87.9088 138.9128 0001217  82.3075 277.8193 13.15550211 86021
ONEWEB-0210             
1 48787U 21045W   23061.15409057 -.00000039  00000+0 -13850-3 0  9992
2 48787  87.9087 138.7316 0001193  82.8158 277.3108 13.15550019 87272
ONEWEB-0210             
1 48787U 21045W   23061.61043471 -.00000128  00000+0 -37403-3 0  9996
2 48787  87.9091 138.6414 0001163  84.3619 275.7644 13.15549692 86205
ONEWEB-0210             
1 48787U 21045W   23062.21889243  .00000051  00000+0  10037-3 0  9995
2 48787  87.9090 138.5209 0001158  85.6345 274.4917 13.15550085 86284
ONEWEB-0210             
1 48787U 21045W   23062.21889243  .00000051  00000+0  10037-3 0  9995
2 48787  87.9090 138.5209 0001158  85.6345 274.4917 13.15550085 87410
