ONEWEB-0570             
1 55149U 23004K   23059.28146651 -.00004125  00000+0 -76106-3 0  9991
2 55149  86.6198 264.2516 0014049  57.8447 302.4128 14.65801848  7443
ONEWEB-0570             
1 55149U 23004K   23059.55450457 -.00000376  00000+0 -73213-4 0  9994
2 55149  86.6198 264.1390 0014224  56.7245 303.5329 14.65829410  7485
ONEWEB-0570             
1 55149U 23004K   23059.62276207  .00000724  00000+0  12820-3 0  9992
2 55149  86.6198 264.1108 0014195  56.7806 303.4766 14.65837483  7496
ONEWEB-0570             
1 55149U 23004K   23059.89582024  .00000816  00000+0  14514-3 0  9992
2 55149  86.6199 263.9981 0014170  56.0249 304.2309 14.65838804  7535
ONEWEB-0570             
1 55149U 23004K   23060.85151798 -.00002856  00000+0 -52751-3 0  9993
2 55149  86.6198 263.6038 0014206  53.0777 307.1735 14.65856649  7674
ONEWEB-0570             
1 55149U 23004K   23060.91978263 -.00002788  00000+0 -51501-3 0  9990
2 55149  86.6198 263.5757 0014201  52.8948 307.3561 14.65855931  7686
ONEWEB-0570             
1 55149U 23004K   23061.80723350  .00003336  00000+0  60645-3 0  9991
2 55149  86.6198 263.2096 0013847  50.0197 310.2230 14.65832072  7812
ONEWEB-0570             
1 55149U 23004K   23062.55813976  .00001274  00000+0  22891-3 0  9998
2 55149  86.6197 262.8998 0013943  47.9880 312.2518 14.65844951  7920
ONEWEB-0570             
1 55149U 23004K   23062.89946229  .00001320  00000+0  23736-3 0  9994
2 55149  86.6198 262.7590 0013912  46.9546 313.2830 14.65845769  7973
