ONEWEB-0595             
1 54661U 22166V   23059.25001157 -.01081138  00000+0 -72128+0 0  9991
2 54661  87.1897 125.8089 0008743 330.7583  81.3892 14.04662368 12631
ONEWEB-0595             
1 54661U 22166V   23059.58334491 -.01000906  00000+0 -67399+0 0  9995
2 54661  87.1958 125.7047 0008532 329.7106 326.5353 14.03879625  1300
ONEWEB-0595             
1 54661U 22166V   23060.00001157 -.01010970  00000+0 -69247+0 0  9990
2 54661  87.2043 125.5767 0008376 329.1338 270.9765 14.02961222 12743
ONEWEB-0595             
1 54661U 22166V   23060.58334491 -.01001819  00000+0 -70179+0 0  9991
2 54661  87.2153 125.3960 0008478 326.3134 336.8806 14.01671704 12823
ONEWEB-0595             
1 54661U 22166V   23060.91667824 -.01064063  00000+0 -75764+0 0  9992
2 54661  87.2220 125.2947 0008362 326.6611 217.0780 14.00961867 12863
ONEWEB-0595             
1 54661U 22166V   23061.00001157 -.01010082  00000+0 -71964+0 0  9994
2 54661  87.2237 125.2694 0008316 325.4992 278.2471 14.00749476  1301
ONEWEB-0595             
1 54661U 22166V   23061.83334491 -.01090578  00000+0 -80585+0 0  9992
2 54661  87.2395 125.0156 0008476 323.3830 157.3123 13.98956005  1307
ONEWEB-0595             
1 54661U 22166V   23062.50001157 -.01018908  00000+0 -77003+0 0  9995
2 54661  87.2525 124.8135 0008295 319.8251 274.4865 13.97443102 13093
ONEWEB-0595             
1 54661U 22166V   23062.58334491 -.01003868  00000+0 -76049+0 0  9991
2 54661  87.2540 124.7885 0008381 318.9734 334.2882 13.97256428  1301
ONEWEB-0595             
1 54661U 22166V   23062.91667824 -.01058749  00000+0 -81477+0 0  9996
2 54661  87.2604 124.6892 0008291 319.2213 209.2959 13.96543746  1302
