ONEWEB-0361             
1 49287U 21090J   23059.31695776 -.00000080  00000+0 -22758-3 0  9991
2 49287  87.9336 154.2538 0001916 105.9171 254.2174 13.20771263 71259
ONEWEB-0361             
1 49287U 21090J   23059.61998456  .00000085  00000+0  17642-3 0  9994
2 49287  87.9337 154.1939 0001933 106.0243 254.1103 13.20771482 72126
ONEWEB-0361             
1 49287U 21090J   23059.77149839  .00000010  00000+0 -75972-5 0  9995
2 49287  87.9337 154.1639 0001934 106.0028 254.1318 13.20771560 71310
ONEWEB-0361             
1 49287U 21090J   23060.30179549  .00000026  00000+0  31631-4 0  9996
2 49287  87.9336 154.0590 0001948 105.8739 254.2609 13.20772252 71385
ONEWEB-0361             
1 49287U 21090J   23060.98360689  .00000103  00000+0  22150-3 0  9998
2 49287  87.9336 153.9240 0001963 106.5322 253.6027 13.20771813 72300
ONEWEB-0361             
1 49287U 21090J   23061.81693296 -.00000019  00000+0 -77980-4 0  9994
2 49287  87.9332 153.7591 0001948 106.2892 253.8456 13.20770734 71583
ONEWEB-0361             
1 49287U 21090J   23062.27147128  .00000209  00000+0  48227-3 0  9993
2 49287  87.9325 153.6688 0001983 106.4862 253.6489 13.20772907 71644
ONEWEB-0361             
1 49287U 21090J   23062.27147128  .00000209  00000+0  48227-3 0  9993
2 49287  87.9325 153.6688 0001983 106.4862 253.6489 13.20772907 72476
