ONEWEB-0064             
1 45433U 20020K   23059.53571765  .00000467  00000+0  12823-2 0  9995
2 45433  87.8803 260.4054 0001652 106.8222 253.3087 13.11417949144794
ONEWEB-0064             
1 45433U 20020K   23059.91720017  .00000441  00000+0  12093-2 0  9994
2 45433  87.8802 260.3293 0001673 107.0277 253.1035 13.11418685144848
ONEWEB-0064             
1 45433U 20020K   23060.90905539  .00000232  00000+0  61901-3 0  9990
2 45433  87.8805 260.1314 0001700 107.2556 252.8758 13.11419232144977
ONEWEB-0064             
1 45433U 20020K   23061.06164868  .00000147  00000+0  37985-3 0  9990
2 45433  87.8805 260.1009 0001696 107.1445 252.9868 13.11419177145004
ONEWEB-0064             
1 45433U 20020K   23061.82461333  .00000077  00000+0  18073-3 0  9990
2 45433  87.8806 259.9487 0001706 107.4227 252.7087 13.11419631145099
ONEWEB-0064             
1 45433U 20020K   23062.05350275  .00000009  00000+0 -10390-4 0  9999
2 45433  87.8805 259.9029 0001710 107.3708 252.7607 13.11419691145126
ONEWEB-0064             
1 45433U 20020K   23062.81646785 -.00000156  00000+0 -47615-3 0  9990
2 45433  87.8806 259.7507 0001730 107.4287 252.7030 13.11419597145227
ONEWEB-0064             
1 45433U 20020K   23062.81646785 -.00000156  00000+0 -47615-3 0  9990
2 45433  87.8806 259.7507 0001730 107.4287 252.7030 13.11419597145238
