ONEWEB-0167             
1 48064U 21025Y   23059.45320182  .00000351  00000+0  92597-3 0  9999
2 48064  87.9079 199.6374 0001837 108.2632 251.8697 13.13467708 95422
ONEWEB-0167             
1 48064U 21025Y   23059.91026813  .00000310  00000+0  81367-3 0  9992
2 48064  87.9079 199.5470 0001831 108.4928 251.6401 13.13467909 95482
ONEWEB-0167             
1 48064U 21025Y   23060.90057755  .00000199  00000+0  51073-3 0  9998
2 48064  87.9080 199.3512 0001861 108.4860 251.6471 13.13468354 95614
ONEWEB-0167             
1 48064U 21025Y   23061.81470855  .00000090  00000+0  21099-3 0  9994
2 48064  87.9082 199.1705 0001844 108.2670 251.8660 13.13468726 95734
ONEWEB-0167             
1 48064U 21025Y   23062.42412811  .00000152  00000+0  38240-3 0  9995
2 48064  87.9082 199.0500 0001872 108.2629 251.8704 13.13469442 95815
ONEWEB-0167             
1 48064U 21025Y   23062.88119425 -.00000082  00000+0 -26058-3 0  9998
2 48064  87.9082 198.9597 0001858 108.4761 251.6570 13.13468904 95879
