ONEWEB-0195             
1 48240U 21031AG  23059.34255854 -.00000151  00000+0 -44157-3 0  9992
2 48240  87.9136 169.3549 0001898 124.2590 235.8719 13.14505190 89865
ONEWEB-0195             
1 48240U 21031AG  23059.79926427 -.00000149  00000+0 -43585-3 0  9993
2 48240  87.9136 169.2648 0001916 123.8850 236.2462 13.14504926 89922
ONEWEB-0195             
1 48240U 21031AG  23060.33208712 -.00000177  00000+0 -51219-3 0  9999
2 48240  87.9133 169.1593 0001961 123.6561 236.4756 13.14505413 89991
ONEWEB-0195             
1 48240U 21031AG  23061.01714620 -.00000160  00000+0 -46566-3 0  9996
2 48240  87.9134 169.0242 0001972 123.3815 236.7503 13.14504754 90085
ONEWEB-0195             
1 48240U 21031AG  23061.32161615 -.00000163  00000+0 -47487-3 0  9996
2 48240  87.9134 168.9638 0001979 123.3453 236.7866 13.14505708 90124
ONEWEB-0195             
1 48240U 21031AG  23062.23502806 -.00000087  00000+0 -26809-3 0  9998
2 48240  87.9130 168.7828 0002003 122.8827 237.2496 13.14506014 90246
ONEWEB-0195             
1 48240U 21031AG  23062.31114579 -.00000068  00000+0 -21764-3 0  9997
2 48240  87.9130 168.7677 0002010 122.7320 237.4003 13.14505894 90255
ONEWEB-0195             
1 48240U 21031AG  23062.84397111 -.00000118  00000+0 -35349-3 0  9990
2 48240  87.9130 168.6624 0001959 122.2183 237.9136 13.14504502 90324
