ONEWEB-0397             
1 50477U 21132J   23059.49092165 -.00000056  00000+0 -17385-3 0  9996
2 50477  87.9150 214.8390 0001832  92.0516 268.0826 13.18687060 62841
ONEWEB-0397             
1 50477U 21132J   23059.49092165 -.00000056  00000+0 -17385-3 0  9996
2 50477  87.9150 214.8390 0001832  92.0516 268.0826 13.18687060 64113
ONEWEB-0397             
1 50477U 21132J   23059.87030344  .00000031  00000+0  46619-4 0  9993
2 50477  87.9150 214.7635 0001826  92.2840 267.8501 13.18687391 62896
ONEWEB-0397             
1 50477U 21132J   23060.70494362  .00000139  00000+0  32050-3 0  9993
2 50477  87.9148 214.5975 0001843  92.3472 267.7871 13.18687978 64273
ONEWEB-0397             
1 50477U 21132J   23060.85669713  .00000064  00000+0  12844-3 0  9999
2 50477  87.9151 214.5674 0001814  92.0709 268.0630 13.18687317 63027
ONEWEB-0397             
1 50477U 21132J   23061.69133795  .00000115  00000+0  25893-3 0  9993
2 50477  87.9151 214.4014 0001823  92.3393 267.7948 13.18687558 63133
ONEWEB-0397             
1 50477U 21132J   23062.37422574  .00000144  00000+0  33317-3 0  9997
2 50477  87.9153 214.2656 0001787  92.2544 267.8793 13.18687725 64496
ONEWEB-0397             
1 50477U 21132J   23062.45010245  .00000096  00000+0  21011-3 0  9998
2 50477  87.9153 214.2505 0001793  92.2790 267.8548 13.18687540 63233
ONEWEB-0397             
1 50477U 21132J   23062.67773186  .00000124  00000+0  28198-3 0  9997
2 50477  87.9154 214.2053 0001793  92.2520 267.8818 13.18687332 63265
