ONEWEB-0309             
1 49095U 21075W   23059.21555466  .00000345  00000+0  85047-3 0  9993
2 49095  87.9073 245.2627 0001643 112.2715 247.8591 13.17975335 75882
ONEWEB-0309             
1 49095U 21075W   23059.51922409  .00000400  00000+0  99181-3 0  9997
2 49095  87.9074 245.2020 0001625 113.3490 246.7813 13.17975175 74934
ONEWEB-0309             
1 49095U 21075W   23059.89881165  .00000314  00000+0  77282-3 0  9993
2 49095  87.9073 245.1264 0001740 111.5482 248.5836 13.17975190 74988
ONEWEB-0309             
1 49095U 21075W   23060.20248576  .00003066  00000+0  78234-2 0  9997
2 49095  87.9073 245.0658 0002345 104.2344 255.9049 13.17961621 76010
ONEWEB-0309             
1 49095U 21075W   23060.80981913  .00000147  00000+0  34253-3 0  9993
2 49095  87.9073 244.9446 0001657 112.6910 247.4397 13.17976789 76091
ONEWEB-0309             
1 49095U 21075W   23060.88573708  .00000067  00000+0  13842-3 0  9992
2 49095  87.9074 244.9295 0001645 113.0809 247.0496 13.17976214 75114
ONEWEB-0309             
1 49095U 21075W   23061.79674400  .00000084  00000+0  18257-3 0  9998
2 49095  87.9076 244.7480 0001691 112.7882 247.3428 13.17977097 75239
ONEWEB-0309             
1 49095U 21075W   23062.48000008  .00000051  00000+0  98680-4 0  9995
2 49095  87.9078 244.6118 0001704 112.6382 247.4930 13.17976615 75321
ONEWEB-0309             
1 49095U 21075W   23062.48000008  .00000051  00000+0  98680-4 0  9995
2 49095  87.9078 244.6118 0001704 112.6382 247.4930 13.17976615 76311
ONEWEB-0309             
1 49095U 21075W   23062.85958655  .00000045  00000+0  82752-4 0  9992
2 49095  87.9080 244.5363 0001712 112.6567 247.4746 13.17976705 75379
