ONEWEB-0446             
1 51640U 22012U   23059.55538836 -.00000837  00000+0 -24353-2 0  9993
2 51640  87.8761 275.6179 0001622  97.3329 262.7982 13.10375149 51563
ONEWEB-0446             
1 51640U 22012U   23059.63174546 -.00000769  00000+0 -22391-2 0  9990
2 51640  87.8763 275.6029 0001662  97.8363 262.2952 13.10375022 52873
ONEWEB-0446             
1 51640U 22012U   23059.86081809 -.00000843  00000+0 -24504-2 0  9995
2 51640  87.8762 275.5570 0001665  97.6125 262.5192 13.10374194 51607
ONEWEB-0446             
1 51640U 22012U   23060.85346526 -.00000629  00000+0 -18381-2 0  9994
2 51640  87.8757 275.3583 0001643  97.4669 262.6645 13.10371916 51737
ONEWEB-0446             
1 51640U 22012U   23060.85346526 -.00000629  00000+0 -18381-2 0  9994
2 51640  87.8757 275.3583 0001643  97.4669 262.6645 13.10371916 53032
ONEWEB-0446             
1 51640U 22012U   23061.61704076 -.00000586  00000+0 -17151-2 0  9993
2 51640  87.8756 275.2059 0001654  97.7821 262.3495 13.10371169 51839
ONEWEB-0446             
1 51640U 22012U   23062.15154306 -.00000476  00000+0 -14006-2 0  9992
2 51640  87.8753 275.0990 0001654  98.1139 262.0176 13.10371828 51908
ONEWEB-0446             
1 51640U 22012U   23062.15154306 -.00000476  00000+0 -14006-2 0  9992
2 51640  87.8753 275.0990 0001654  98.1139 262.0176 13.10371828 53203
ONEWEB-0446             
1 51640U 22012U   23062.83876362 -.00000554  00000+0 -16232-2 0  9990
2 51640  87.8751 274.9618 0001691  98.2359 261.8960 13.10369795 51994
