ONEWEB-0151             
1 48066U 21025AA  23059.40134804 -.00000129  00000+0 -38886-3 0  9996
2 48066  87.9076 199.6513 0001341 108.6737 251.4538 13.13468076 95436
ONEWEB-0151             
1 48066U 21025AA  23059.93459324 -.00000134  00000+0 -40307-3 0  9998
2 48066  87.9075 199.5458 0001341 108.4163 251.7112 13.13467793 95518
ONEWEB-0151             
1 48066U 21025AA  23060.84872708  .00000045  00000+0  89155-4 0  9999
2 48066  87.9077 199.3651 0001342 108.2727 251.8549 13.13467440 95624
ONEWEB-0151             
1 48066U 21025AA  23061.07725937  .00000192  00000+0  49068-3 0  9997
2 48066  87.9077 199.3199 0001339 108.1156 252.0119 13.13468665 95662
ONEWEB-0151             
1 48066U 21025AA  23061.76285991  .00000267  00000+0  69541-3 0  9995
2 48066  87.9078 199.1844 0001338 108.2121 251.9154 13.13468180 95748
ONEWEB-0151             
1 48066U 21025AA  23062.37228155  .00000329  00000+0  86704-3 0  9991
2 48066  87.9079 199.0639 0001340 108.5638 251.5636 13.13468905 95835
ONEWEB-0151             
1 48066U 21025AA  23062.44845947  .00000315  00000+0  82897-3 0  9997
2 48066  87.9079 199.0489 0001343 108.7321 251.3954 13.13468703 95839
ONEWEB-0151             
1 48066U 21025AA  23062.67699214  .00000418  00000+0  11099-2 0  9995
2 48066  87.9080 199.0037 0001347 109.1768 250.9507 13.13469056 95868
