ONEWEB-0411             
1 51623U 22012B   23059.24531197 -.00000565  00000+0 -16537-2 0  9996
2 51623  87.8721 275.6969 0002026  97.9623 262.1734 13.10373473 52758
ONEWEB-0411             
1 51623U 22012B   23059.55074152 -.00000559  00000+0 -16372-2 0  9993
2 51623  87.8720 275.6358 0002033  97.9987 262.1371 13.10373361 51527
ONEWEB-0411             
1 51623U 22012B   23059.85617193 -.00000657  00000+0 -19187-2 0  9990
2 51623  87.8720 275.5747 0002038  97.8009 262.3350 13.10372596 51569
ONEWEB-0411             
1 51623U 22012B   23060.46703153 -.00000596  00000+0 -17443-2 0  9996
2 51623  87.8718 275.4525 0002051  97.5897 262.5463 13.10372446 52917
ONEWEB-0411             
1 51623U 22012B   23060.84881953 -.00000591  00000+0 -17289-2 0  9996
2 51623  87.8718 275.3761 0002059  97.3779 262.7582 13.10371810 51695
ONEWEB-0411             
1 51623U 22012B   23061.76511094 -.00000551  00000+0 -16154-2 0  9990
2 51623  87.8716 275.1928 0002077  97.1193 263.0170 13.10371081 51815
ONEWEB-0411             
1 51623U 22012B   23062.29961447 -.00000498  00000+0 -14634-2 0  9991
2 51623  87.8715 275.0858 0002085  97.1077 263.0287 13.10371030 51885
ONEWEB-0411             
1 51623U 22012B   23062.29961447 -.00000498  00000+0 -14634-2 0  9991
2 51623  87.8715 275.0858 0002085  97.1077 263.0287 13.10371030 53157
ONEWEB-0411             
1 51623U 22012B   23062.83411920 -.00000465  00000+0 -13685-2 0  9996
2 51623  87.8714 274.9789 0002092  96.4470 263.6896 13.10369944 51953
