ONEWEB-0266             
1 48984U 21060T   23059.57839672  .00000059  00000+0  11960-3 0  9991
2 48984  87.9008 108.6570 0002002 103.4692 256.6662 13.16595879 81076
ONEWEB-0266             
1 48984U 21060T   23059.57839672  .00000059  00000+0  11960-3 0  9991
2 48984  87.9008 108.6570 0002002 103.4692 256.6662 13.16595879 82370
ONEWEB-0266             
1 48984U 21060T   23059.88238458  .00000018  00000+0  13213-4 0  9999
2 48984  87.9007 108.5963 0001998 103.4360 256.6994 13.16595385 81110
ONEWEB-0266             
1 48984U 21060T   23060.87034337  .00000074  00000+0  15981-3 0  9995
2 48984  87.9004 108.3992 0002038 102.7878 257.3481 13.16595873 81244
ONEWEB-0266             
1 48984U 21060T   23061.09833399  .00000053  00000+0  10414-3 0  9998
2 48984  87.9004 108.3537 0002035 102.8105 257.3253 13.16595810 82575
ONEWEB-0266             
1 48984U 21060T   23061.63031224  .00000062  00000+0  12869-3 0  9991
2 48984  87.9003 108.2475 0002027 102.6228 257.5130 13.16595374 81344
ONEWEB-0266             
1 48984U 21060T   23062.16229030  .00000010  00000+0 -84962-5 0  9993
2 48984  87.9001 108.1413 0002039 102.5532 257.5827 13.16595698 82717
ONEWEB-0266             
1 48984U 21060T   23062.54227364  .00000067  00000+0  14181-3 0  9998
2 48984  87.9001 108.0653 0002048 102.5794 257.5566 13.16596730 81461
ONEWEB-0266             
1 48984U 21060T   23062.84626244 -.00000100  00000+0 -29397-3 0  9996
2 48984  87.9000 108.0047 0002055 102.3349 257.8012 13.16595530 81500
