ONEWEB-0154             
1 48045U 21025D   23059.41404049 -.00000225  00000+0 -65230-3 0  9995
2 48045  87.9078 199.6485 0001563 105.4176 254.7126 13.13467442 95357
ONEWEB-0154             
1 48045U 21025D   23059.87110673 -.00000237  00000+0 -68265-3 0  9996
2 48045  87.9077 199.5578 0001554 105.1335 254.9966 13.13467807 95429
ONEWEB-0154             
1 48045U 21025D   23060.86141831 -.00000276  00000+0 -79172-3 0  9999
2 48045  87.9079 199.3620 0001569 104.9764 255.1539 13.13467276 95548
ONEWEB-0154             
1 48045U 21025D   23061.08995083 -.00000094  00000+0 -29196-3 0  9999
2 48045  87.9078 199.3168 0001561 104.7750 255.3552 13.13467865 95584
ONEWEB-0154             
1 48045U 21025D   23061.77555166 -.00000066  00000+0 -21591-3 0  9999
2 48045  87.9077 199.1813 0001563 104.3609 255.7694 13.13467518 95664
ONEWEB-0154             
1 48045U 21025D   23062.38497372  .00000126  00000+0  30960-3 0  9996
2 48045  87.9077 199.0610 0001565 104.5632 255.5670 13.13467986 95759
ONEWEB-0154             
1 48045U 21025D   23062.46115137  .00000086  00000+0  19943-3 0  9994
2 48045  87.9077 199.0459 0001570 104.4110 255.7193 13.13468397 95755
ONEWEB-0154             
1 48045U 21025D   23062.84204195  .00000055  00000+0  11568-3 0  9990
2 48045  87.9078 198.9706 0001541 104.0620 256.0680 13.13466933 95804
