ONEWEB-0383             
1 49309U 21090AG  23059.39013498  .00000038  00000+0  68200-4 0  9993
2 49309  87.9129 169.3572 0001680  98.2842 261.8478 13.14503674 69313
ONEWEB-0383             
1 49309U 21090AG  23059.92296007 -.00000001  00000+0 -37171-4 0  9996
2 49309  87.9127 169.2519 0001663  97.9130 262.2188 13.14503713 70676
ONEWEB-0383             
1 49309U 21090AG  23060.83637416  .00000074  00000+0  16392-3 0  9990
2 49309  87.9128 169.0715 0001675  97.7791 262.3529 13.14503401 69501
ONEWEB-0383             
1 49309U 21090AG  23060.98860890  .00000192  00000+0  48469-3 0  9991
2 49309  87.9127 169.0414 0001679  97.7294 262.4026 13.14504190 70813
ONEWEB-0383             
1 49309U 21090AG  23061.82590520  .00000260  00000+0  66693-3 0  9990
2 49309  87.9126 168.8758 0001668  96.0487 264.0833 13.14503307 69635
ONEWEB-0383             
1 49309U 21090AG  23062.28261052  .00000310  00000+0  80196-3 0  9996
2 49309  87.9126 168.7856 0001668  96.5513 263.5806 13.14504772 69695
ONEWEB-0383             
1 49309U 21090AG  23062.28261052  .00000310  00000+0  80196-3 0  9996
2 49309  87.9126 168.7856 0001668  96.5513 263.5806 13.14504772 70989
