ONEWEB-0601             
1 54665U 22166Z   23059.58334491 -.00666810  00000+0 -34851+0 0  9997
2 54665  87.1392 125.4028 0011296 334.6697 344.3347 14.17460862  1308
ONEWEB-0601             
1 54665U 22166Z   23059.66667824 -.00710792  00000+0 -37021+0 0  9996
2 54665  87.1410 125.3760 0011373 334.7686  49.1855 14.17360270 12719
ONEWEB-0601             
1 54665U 22166Z   23059.91667824 -.00731493  00000+0 -38428+0 0  9997
2 54665  87.1464 125.2962 0011097 334.5936 244.0216 14.16981936  1307
ONEWEB-0601             
1 54665U 22166Z   23060.25001157 -.00752954  00000+0 -39800+0 0  9997
2 54665  87.1500 125.1882 0011255 332.8044 145.1655 14.16733741 12797
ONEWEB-0601             
1 54665U 22166Z   23060.91667824 -.00737053  00000+0 -39667+0 0  9993
2 54665  87.1640 124.9746 0010972 330.6900 304.0578 14.15706684 12896
ONEWEB-0601             
1 54665U 22166Z   23061.00001157 -.00689076  00000+0 -37061+0 0  9992
2 54665  87.1658 124.9478 0011024 330.0222   9.1586 14.15555170  1305
ONEWEB-0601             
1 54665U 22166Z   23061.83334491 -.00761802  00000+0 -42130+0 0  9994
2 54665  87.1833 124.6823 0010858 328.0309 293.3196 14.14335761  1303
ONEWEB-0601             
1 54665U 22166Z   23061.83334491 -.00761802  00000+0 -42130+0 0  9994
2 54665  87.1833 124.6823 0010858 328.0309 293.3196 14.14335761 13025
ONEWEB-0601             
1 54665U 22166Z   23062.50001157 -.00700761  00000+0 -39335+0 0  9999
2 54665  87.1971 124.4708 0011001 325.4516  86.9365 14.13293316 13112
ONEWEB-0601             
1 54665U 22166Z   23062.58334491 -.00672771  00000+0 -38104+0 0  9999
2 54665  87.1988 124.4443 0010961 325.5580 150.5388 14.13159406  1304
ONEWEB-0601             
1 54665U 22166Z   23062.91667824 -.00726160  00000+0 -41304+0 0  9993
2 54665  87.2059 124.3405 0010791 324.2295  46.3225 14.12674821  1305
