ONEWEB-0206             
1 48227U 21031T   23059.31824172 -.00000084  00000+0 -26000-3 0  9991
2 48227  87.9131 169.3636 0002032 107.2859 252.8493 13.14504986 89930
ONEWEB-0206             
1 48227U 21031T   23059.85106720 -.00000158  00000+0 -45938-3 0  9995
2 48227  87.9130 169.2582 0002021 106.4944 253.6408 13.14504046 90004
ONEWEB-0206             
1 48227U 21031T   23060.00330156  .00000021  00000+0  21344-4 0  9999
2 48227  87.9130 169.2282 0002012 106.2541 253.8811 13.14505059 90030
ONEWEB-0206             
1 48227U 21031T   23060.84059765  .00000072  00000+0  15927-3 0  9990
2 48227  87.9131 169.0629 0002022 105.9055 254.2298 13.14504278 90138
ONEWEB-0206             
1 48227U 21031T   23061.83012852  .00000100  00000+0  23576-3 0  9997
2 48227  87.9127 168.8673 0002038 104.5884 255.5471 13.14504653 90269
ONEWEB-0206             
1 48227U 21031T   23061.83012852  .00000100  00000+0  23576-3 0  9997
2 48227  87.9127 168.8673 0002038 104.5884 255.5471 13.14504653 90270
ONEWEB-0206             
1 48227U 21031T   23062.36295162  .00000269  00000+0  69144-3 0  9990
2 48227  87.9128 168.7620 0002049 104.5518 255.5839 13.14505312 90336
