ONEWEB-0194             
1 48237U 21031AD  23059.33727644 -.00000113  00000+0 -33987-3 0  9995
2 48237  87.9133 169.3685 0001328 103.9526 256.1751 13.14503090 90074
ONEWEB-0194             
1 48237U 21031AD  23059.79398353 -.00000228  00000+0 -64988-3 0  9998
2 48237  87.9133 169.2781 0001340 104.4185 255.7093 13.14502629 90139
ONEWEB-0194             
1 48237U 21031AD  23060.32680708 -.00000138  00000+0 -40600-3 0  9992
2 48237  87.9136 169.1735 0001340 103.8869 256.2410 13.14503136 90203
ONEWEB-0194             
1 48237U 21031AD  23061.01186729 -.00000177  00000+0 -51181-3 0  9992
2 48237  87.9134 169.0379 0001336 104.4158 255.7120 13.14502977 90290
ONEWEB-0194             
1 48237U 21031AD  23061.31633820 -.00000119  00000+0 -35637-3 0  9998
2 48237  87.9134 168.9778 0001342 104.6045 255.5234 13.14503259 90338
ONEWEB-0194             
1 48237U 21031AD  23062.30586961 -.00000051  00000+0 -17249-3 0  9995
2 48237  87.9124 168.7813 0001354 102.5794 257.5487 13.14503839 90466
ONEWEB-0194             
1 48237U 21031AD  23062.38198746 -.00000049  00000+0 -16539-3 0  9991
2 48237  87.9125 168.7663 0001350 102.8065 257.3215 13.14503831 90470
ONEWEB-0194             
1 48237U 21031AD  23062.83869561 -.00000099  00000+0 -30058-3 0  9998
2 48237  87.9125 168.6760 0001309 101.8703 258.2573 13.14502908 90537
