ONEWEB-0168             
1 48068U 21025AC  23059.39289054  .00000115  00000+0  28041-3 0  9999
2 48068  87.9080 199.6872 0001729  98.9875 261.1450 13.13467947 95409
ONEWEB-0168             
1 48068U 21025AC  23059.92613622  .00000121  00000+0  29717-3 0  9998
2 48068  87.9082 199.5818 0001709  98.3972 261.7351 13.13467202 95477
ONEWEB-0168             
1 48068U 21025AC  23060.68791309  .00000300  00000+0  78553-3 0  9993
2 48068  87.9082 199.4317 0001706 100.3337 259.7985 13.13468372 95576
ONEWEB-0168             
1 48068U 21025AC  23060.84026959  .00000221  00000+0  56973-3 0  9997
2 48068  87.9081 199.4016 0001707 100.3623 259.7699 13.13467511 95598
ONEWEB-0168             
1 48068U 21025AC  23061.83058039  .00000280  00000+0  73215-3 0  9994
2 48068  87.9082 199.2060 0001696 100.1293 260.0028 13.13467746 95720
ONEWEB-0168             
1 48068U 21025AC  23062.44000081  .00000412  00000+0  10935-2 0  9992
2 48068  87.9080 199.0855 0001690 100.3319 259.8001 13.13468813 95805
ONEWEB-0168             
1 48068U 21025AC  23062.66853373  .00000358  00000+0  94427-3 0  9994
2 48068  87.9081 199.0403 0001684 100.5402 259.5916 13.13469030 95830
