ONEWEB-0067             
1 45425U 20020B   23059.51999692 -.00000177  00000+0 -53596-3 0  9990
2 45425  87.8797 260.3808 0001375  86.6081 273.5204 13.11420015144842
ONEWEB-0067             
1 45425U 20020B   23059.82518300 -.00000248  00000+0 -73527-3 0  9992
2 45425  87.8798 260.3198 0001371  86.8123 273.3162 13.11419730144887
ONEWEB-0067             
1 45425U 20020B   23060.05407263 -.00000307  00000+0 -90106-3 0  9992
2 45425  87.8795 260.2742 0001346  87.1629 272.9653 13.11419447144925
ONEWEB-0067             
1 45425U 20020B   23060.58815019 -.00000566  00000+0 -16340-2 0  9996
2 45425  87.8799 260.1678 0001370  88.1772 271.9513 13.11417751144989
ONEWEB-0067             
1 45425U 20020B   23061.80889639 -.00000565  00000+0 -16292-2 0  9996
2 45425  87.8798 259.9237 0001367  88.6372 271.4913 13.11416981145144
ONEWEB-0067             
1 45425U 20020B   23061.80889639 -.00000565  00000+0 -16292-2 0  9996
2 45425  87.8798 259.9237 0001367  88.6372 271.4913 13.11416981145155
ONEWEB-0067             
1 45425U 20020B   23062.49556778 -.00000513  00000+0 -14841-2 0  9998
2 45425  87.8796 259.7866 0001351  88.9635 271.1648 13.11415612145238
ONEWEB-0067             
1 45425U 20020B   23062.80075548 -.00000540  00000+0 -15587-2 0  9992
2 45425  87.8797 259.7257 0001357  89.4192 270.7091 13.11415107145273
ONEWEB-0067             
1 45425U 20020B   23062.95334851 -.00000450  00000+0 -13045-2 0  9990
2 45425  87.8796 259.6951 0001359  89.6646 270.4637 13.11415622145309
