ONEWEB-0057             
1 45160U 20008AF  23059.53046964 -.00000116  00000+0 -36729-3 0  9991
2 45160  87.8751 275.6213 0001408  75.0388 285.0895 13.10368618150587
ONEWEB-0057             
1 45160U 20008AF  23059.83590136  .00000016  00000+0  86224-5 0  9993
2 45160  87.8751 275.5605 0001404  74.9061 285.2221 13.10368154150628
ONEWEB-0057             
1 45160U 20008AF  23060.14133255  .00000195  00000+0  52108-3 0  9994
2 45160  87.8751 275.4996 0001394  74.5659 285.5622 13.10368444151156
ONEWEB-0057             
1 45160U 20008AF  23060.82855488  .00000118  00000+0  30173-3 0  9991
2 45160  87.8751 275.3625 0001400  74.9329 285.1953 13.10367644150759
ONEWEB-0057             
1 45160U 20008AF  23061.82120640  .00000384  00000+0  10651-2 0  9990
2 45160  87.8751 275.1644 0001388  74.1905 285.9375 13.10368877150884
ONEWEB-0057             
1 45160U 20008AF  23062.12663762  .00000486  00000+0  13572-2 0  9999
2 45160  87.8750 275.1032 0001387  75.4297 284.6984 13.10369136150927
ONEWEB-0057             
1 45160U 20008AF  23062.12663762  .00000486  00000+0  13572-2 0  9999
2 45160  87.8750 275.1032 0001387  75.4297 284.6984 13.10369136151412
ONEWEB-0057             
1 45160U 20008AF  23062.81385766  .00000581  00000+0  16284-2 0  9999
2 45160  87.8751 274.9660 0001373  74.9478 285.1801 13.10369792151015
