ONEWEB-0230             
1 48769U 21045C   23059.18928707  .00000092  00000+0  21107-3 0  9991
2 48769  87.9105 139.1523 0001622 109.0208 251.1098 13.15552122 87346
ONEWEB-0230             
1 48769U 21045C   23059.26534419  .00000064  00000+0  13642-3 0  9997
2 48769  87.9105 139.1372 0001625 109.0271 251.1036 13.15552123 86242
ONEWEB-0230             
1 48769U 21045C   23059.72168609  .00000016  00000+0  85887-5 0  9991
2 48769  87.9106 139.0467 0001635 109.5467 250.5840 13.15552707 86301
ONEWEB-0230             
1 48769U 21045C   23060.25408542 -.00000060  00000+0 -19278-3 0  9994
2 48769  87.9104 138.9412 0001664 109.4706 250.6604 13.15552908 86373
ONEWEB-0230             
1 48769U 21045C   23060.25408542 -.00000060  00000+0 -19278-3 0  9994
2 48769  87.9104 138.9412 0001664 109.4706 250.6604 13.15552908 87486
ONEWEB-0230             
1 48769U 21045C   23061.62311302 -.00000135  00000+0 -39164-3 0  9992
2 48769  87.9103 138.6701 0001653 108.9716 251.1593 13.15552742 86552
ONEWEB-0230             
1 48769U 21045C   23062.23156952 -.00000056  00000+0 -18320-3 0  9991
2 48769  87.9103 138.5495 0001662 108.9841 251.1469 13.15552941 86632
ONEWEB-0230             
1 48769U 21045C   23062.23156952 -.00000056  00000+0 -18320-3 0  9991
2 48769  87.9103 138.5495 0001662 108.9841 251.1469 13.15552941 87745
