ONEWEB-0353             
1 49282U 21090D   23059.26750234 -.00000086  00000+0 -26724-3 0  9994
2 49282  87.9134 169.3969 0001301 104.1815 255.9460 13.14504357 70570
ONEWEB-0353             
1 49282U 21090D   23059.34361976 -.00000090  00000+0 -27703-3 0  9997
2 49282  87.9135 169.3819 0001308 104.1089 256.0186 13.14504588 69295
ONEWEB-0353             
1 49282U 21090D   23059.80032505 -.00000115  00000+0 -34420-3 0  9993
2 49282  87.9135 169.2917 0001312 104.4324 255.6951 13.14504982 69353
ONEWEB-0353             
1 49282U 21090D   23060.33314827 -.00000177  00000+0 -51265-3 0  9997
2 49282  87.9133 169.1862 0001355 105.9067 254.2212 13.14505126 69420
ONEWEB-0353             
1 49282U 21090D   23060.33314827 -.00000177  00000+0 -51265-3 0  9997
2 49282  87.9133 169.1862 0001355 105.9067 254.2212 13.14505126 70714
ONEWEB-0353             
1 49282U 21090D   23061.32267762 -.00000168  00000+0 -48754-3 0  9991
2 49282  87.9137 168.9911 0001359 106.1613 253.9667 13.14504975 69555
ONEWEB-0353             
1 49282U 21090D   23062.31218071  .00001763  00000+0  47173-2 0  9993
2 49282  87.9128 168.7947 0001420 108.7441 251.3843 13.14523084 69682
ONEWEB-0353             
1 49282U 21090D   23062.31218071  .00001763  00000+0  47173-2 0  9993
2 49282  87.9128 168.7947 0001420 108.7441 251.3843 13.14523084 70976
ONEWEB-0353             
1 49282U 21090D   23062.84501069  .00000637  00000+0  16844-2 0  9993
2 49282  87.9141 168.6900 0001006  81.2667 278.8576 13.14513458 69759
ONEWEB-0353             
1 49282U 21090D   23062.84501069  .00000637  00000+0  16844-2 0  9993
2 49282  87.9141 168.6900 0001006  81.2667 278.8576 13.14513458 71044
