ONEWEB-0119             
1 47265U 20100H   23059.50669747 -.00000323  00000+0 -93216-3 0  9993
2 47265  87.8976 229.9734 0001456  97.6772 262.4522 13.12444681106689
ONEWEB-0119             
1 47265U 20100H   23059.88788163 -.00000286  00000+0 -83151-3 0  9993
2 47265  87.8976 229.8978 0001462  98.1123 262.0172 13.12445209106731
ONEWEB-0119             
1 47265U 20100H   23059.96411884 -.00000343  00000+0 -98954-3 0  9996
2 47265  87.8975 229.8827 0001463  98.1373 261.9921 13.12445049106744
ONEWEB-0119             
1 47265U 20100H   23060.87896588 -.00000620  00000+0 -17576-2 0  9994
2 47265  87.8977 229.7012 0001479  98.5787 261.5509 13.12442625106869
ONEWEB-0119             
1 47265U 20100H   23061.03144009 -.00000605  00000+0 -17175-2 0  9995
2 47265  87.8977 229.6710 0001479  98.5438 261.5859 13.12442605106884
ONEWEB-0119             
1 47265U 20100H   23061.71757443 -.00000521  00000+0 -14823-2 0  9996
2 47265  87.8980 229.5349 0001474  98.6376 261.4919 13.12442366106972
ONEWEB-0119             
1 47265U 20100H   23062.17499749 -.00000398  00000+0 -11431-2 0  9993
2 47265  87.8982 229.4443 0001465  98.6358 261.4936 13.12442383107034
ONEWEB-0119             
1 47265U 20100H   23062.47994667 -.00000244  00000+0 -71442-3 0  9994
2 47265  87.8983 229.3838 0001458  98.9368 261.1926 13.12441712107073
ONEWEB-0119             
1 47265U 20100H   23062.86113403 -.00000319  00000+0 -92226-3 0  9994
2 47265  87.8983 229.3083 0001443  99.3020 260.8272 13.12441050107120
