ONEWEB-0117             
1 47263U 20100F   23059.52364410  .00000258  00000+0  68243-3 0  9999
2 47263  87.8942 229.9897 0001569  95.7705 264.3602 13.12444943106513
ONEWEB-0117             
1 47263U 20100F   23059.90482889  .00000196  00000+0  51047-3 0  9997
2 47263  87.8944 229.9140 0001572  95.9905 264.1403 13.12444928106569
ONEWEB-0117             
1 47263U 20100F   23059.98106602  .00000147  00000+0  37429-3 0  9995
2 47263  87.8943 229.8989 0001568  96.0205 264.1102 13.12444798106570
ONEWEB-0117             
1 47263U 20100F   23060.89590888 -.00000062  00000+0 -20898-3 0  9990
2 47263  87.8944 229.7172 0001554  96.6424 263.4882 13.12445247106698
ONEWEB-0117             
1 47263U 20100F   23061.73451502 -.00000184  00000+0 -54624-3 0  9992
2 47263  87.8947 229.5507 0001546  96.5967 263.5338 13.12445010106801
ONEWEB-0117             
1 47263U 20100F   23062.42064694 -.00000188  00000+0 -55807-3 0  9999
2 47263  87.8946 229.4144 0001535  96.9291 263.2013 13.12445097106899
ONEWEB-0117             
1 47263U 20100F   23062.87806934 -.00000374  00000+0 -10750-2 0  9993
2 47263  87.8947 229.3235 0001540  97.2315 262.8988 13.12444601106950
ONEWEB-0117             
1 47263U 20100F   23062.95430602 -.00000389  00000+0 -11156-2 0  9994
2 47263  87.8948 229.3084 0001536  97.2486 262.8817 13.12445004106967
