ONEWEB-0061             
1 45428U 20020E   23059.51776025 -.00000249  00000+0 -73754-3 0  9994
2 45428  87.8809 260.3731 0001431  81.2619 278.8671 13.11418405144739
ONEWEB-0061             
1 45428U 20020E   23059.82294659 -.00000282  00000+0 -83279-3 0  9996
2 45428  87.8810 260.3122 0001428  81.0292 279.0998 13.11418173144777
ONEWEB-0061             
1 45428U 20020E   23060.81480289 -.00000496  00000+0 -14353-2 0  9996
2 45428  87.8809 260.1141 0001414  81.5855 278.5433 13.11417485144907
ONEWEB-0061             
1 45428U 20020E   23061.04369271 -.00000500  00000+0 -14456-2 0  9999
2 45428  87.8810 260.0685 0001411  81.9682 278.1606 13.11417509144938
ONEWEB-0061             
1 45428U 20020E   23061.80665980 -.00000533  00000+0 -15408-2 0  9993
2 45428  87.8809 259.9162 0001397  81.9230 278.2057 13.11416851145037
ONEWEB-0061             
1 45428U 20020E   23062.11184586 -.00000456  00000+0 -13215-2 0  9994
2 45428  87.8805 259.8550 0001385  82.1676 277.9610 13.11417602145077
ONEWEB-0061             
1 45428U 20020E   23062.49333055 -.00000524  00000+0 -15153-2 0  9991
2 45428  87.8805 259.7788 0001389  82.4885 277.6400 13.11416486145127
ONEWEB-0061             
1 45428U 20020E   23062.79851793 -.00000462  00000+0 -13393-2 0  9993
2 45428  87.8805 259.7180 0001392  83.1407 276.9879 13.11415946145161
