ONEWEB-0320             
1 49190U 21083E   23059.15581588  .00000009  00000+0 -91274-5 0  9994
2 49190  87.9233 214.9030 0001476 102.8124 257.3174 13.18685351 72449
ONEWEB-0320             
1 49190U 21083E   23059.45932223  .00000000  00000+0 -32876-4 0  9996
2 49190  87.9231 214.8428 0001481 103.1603 256.9694 13.18685243 71204
ONEWEB-0320             
1 49190U 21083E   23059.91458086  .00000062  00000+0  12377-3 0  9997
2 49190  87.9232 214.7527 0001492 103.2672 256.8626 13.18686111 71268
ONEWEB-0320             
1 49190U 21083E   23060.44571685  .00000074  00000+0  15416-3 0  9998
2 49190  87.9229 214.6473 0001509 103.3591 256.7710 13.18685755 72619
ONEWEB-0320             
1 49190U 21083E   23060.90097623 -.00000011  00000+0 -60589-4 0  9999
2 49190  87.9230 214.5572 0001513 103.6547 256.4753 13.18685697 71392
ONEWEB-0320             
1 49190U 21083E   23061.81149524 -.00000075  00000+0 -22216-3 0  9992
2 49190  87.9233 214.3770 0001500 103.9295 256.2004 13.18684912 71512
ONEWEB-0320             
1 49190U 21083E   23062.41850577  .00000097  00000+0  21358-3 0  9994
2 49190  87.9236 214.2569 0001505 104.1141 256.0158 13.18686147 71596
ONEWEB-0320             
1 49190U 21083E   23062.41850577  .00000097  00000+0  21358-3 0  9994
2 49190  87.9236 214.2569 0001505 104.1141 256.0158 13.18686147 72878
ONEWEB-0320             
1 49190U 21083E   23062.87376529 -.00000049  00000+0 -15790-3 0  9996
2 49190  87.9236 214.1668 0001499 104.3366 255.7933 13.18685987 71653
