ONEWEB-0211             
1 48767U 21045A   23059.19561701  .00000089  00000+0  20314-3 0  9992
2 48767  87.9087 139.1130 0001621 115.4742 244.6556 13.15549100 87113
ONEWEB-0211             
1 48767U 21045A   23059.57590301  .00000004  00000+0 -24309-4 0  9999
2 48767  87.9087 139.0376 0001623 115.8164 244.3133 13.15549545 86039
ONEWEB-0211             
1 48767U 21045A   23059.72801679  .00000100  00000+0  23114-3 0  9997
2 48767  87.9085 139.0073 0001632 116.1878 243.9420 13.15549921 86051
ONEWEB-0211             
1 48767U 21045A   23060.26041741 -.00000011  00000+0 -63867-4 0  9997
2 48767  87.9086 138.9017 0001664 115.7343 244.3960 13.15550158 86121
ONEWEB-0211             
1 48767U 21045A   23060.26041741 -.00000011  00000+0 -63867-4 0  9997
2 48767  87.9086 138.9017 0001664 115.7343 244.3960 13.15550158 87256
ONEWEB-0211             
1 48767U 21045A   23061.62944775 -.00000069  00000+0 -21740-3 0  9993
2 48767  87.9087 138.6303 0001690 115.4882 244.6423 13.15549916 86308
ONEWEB-0211             
1 48767U 21045A   23061.62944775 -.00000069  00000+0 -21740-3 0  9993
2 48767  87.9087 138.6303 0001690 115.4882 244.6423 13.15549916 87433
ONEWEB-0211             
1 48767U 21045A   23062.23790569 -.00000076  00000+0 -23517-3 0  9993
2 48767  87.9086 138.5095 0001706 115.5085 244.6222 13.15549843 86382
