ONEWEB-0142             
1 47288U 20100AG  23059.51202550 -.00000108  00000+0 -33639-3 0  9998
2 47288  87.8941 229.9964 0001648 100.5700 259.5614 13.12446063106651
ONEWEB-0142             
1 47288U 20100AG  23059.89320979 -.00000177  00000+0 -52642-3 0  9996
2 47288  87.8942 229.9207 0001658 100.9807 259.1508 13.12446117106709
ONEWEB-0142             
1 47288U 20100AG  23059.96944684 -.00000238  00000+0 -69643-3 0  9996
2 47288  87.8940 229.9056 0001652 101.0759 259.0556 13.12446039106717
ONEWEB-0142             
1 47288U 20100AG  23060.88429018 -.00000358  00000+0 -10315-2 0  9992
2 47288  87.8939 229.7238 0001656 101.2862 258.8452 13.12445341106836
ONEWEB-0142             
1 47288U 20100AG  23061.72289675 -.00000429  00000+0 -12286-2 0  9997
2 47288  87.8943 229.5571 0001667 101.2629 258.8687 13.12445148106949
ONEWEB-0142             
1 47288U 20100AG  23062.48526656 -.00000376  00000+0 -10815-2 0  9991
2 47288  87.8944 229.4057 0001660 101.3297 258.8018 13.12445153107049
ONEWEB-0142             
1 47288U 20100AG  23062.86645253 -.00000413  00000+0 -11833-2 0  9991
2 47288  87.8945 229.3300 0001654 101.6293 258.5021 13.12444400107092
