ONEWEB-0163             
1 48061U 21025V   23059.45213501  .00000404  00000+0  10716-2 0  9993
2 48061  87.9078 199.6348 0001941 113.0471 247.0862 13.13471839 95533
ONEWEB-0163             
1 48061U 21025V   23059.68066676  .00000436  00000+0  11581-2 0  9993
2 48061  87.9078 199.5896 0001940 113.0503 247.0831 13.13472690 95571
ONEWEB-0163             
1 48061U 21025V   23059.90919979  .00000233  00000+0  60352-3 0  9997
2 48061  87.9078 199.5444 0001944 113.0800 247.0534 13.13472626 95595
ONEWEB-0163             
1 48061U 21025V   23060.89950592  .00000206  00000+0  52961-3 0  9990
2 48061  87.9079 199.3486 0001970 112.9492 247.1845 13.13472587 95721
ONEWEB-0163             
1 48061U 21025V   23061.12803721  .00000269  00000+0  70190-3 0  9991
2 48061  87.9079 199.3034 0001976 112.9861 247.1477 13.13473365 95766
ONEWEB-0163             
1 48061U 21025V   23061.81363426  .00000067  00000+0  14730-3 0  9994
2 48061  87.9081 199.1679 0001980 112.7832 247.3507 13.13472656 95840
ONEWEB-0163             
1 48061U 21025V   23062.34687782 -.00000191  00000+0 -55785-3 0  9992
2 48061  87.9081 199.0625 0002000 112.4294 247.7047 13.13470917 95923
ONEWEB-0163             
1 48061U 21025V   23062.42305543 -.00000282  00000+0 -80824-3 0  9996
2 48061  87.9080 199.0474 0002011 112.3002 247.8341 13.13471013 95928
ONEWEB-0163             
1 48061U 21025V   23062.88012092 -.00000392  00000+0 -11094-2 0  9994
2 48061  87.9080 198.9571 0002022 112.3353 247.7990 13.13470180 95984
