ONEWEB-0519             
1 54137U 22138AA  23059.29044493  .00000119  00000+0  26475-3 0  9997
2 54137  87.9284 184.5653 0001377  86.0690 274.0600 13.19724163 18789
ONEWEB-0519             
1 54137U 22138AA  23059.36626186  .00000092  00000+0  19652-3 0  9999
2 54137  87.9285 184.5503 0001378  86.1131 274.0159 13.19724187 17926
ONEWEB-0519             
1 54137U 22138AA  23059.82116351  .00000113  00000+0  25115-3 0  9993
2 54137  87.9286 184.4603 0001372  86.2871 273.8418 13.19723712 17987
ONEWEB-0519             
1 54137U 22138AA  23060.35188093  .00000026  00000+0  33706-4 0  9994
2 54137  87.9287 184.3554 0001383  86.8527 273.2764 13.19724714 18924
ONEWEB-0519             
1 54137U 22138AA  23060.88260024 -.00000010  00000+0 -58137-4 0  9997
2 54137  87.9288 184.2503 0001366  86.8954 273.2335 13.19723182 18127
ONEWEB-0519             
1 54137U 22138AA  23061.79240233 -.00000049  00000+0 -15365-3 0  9995
2 54137  87.9286 184.0702 0001335  86.1658 273.9627 13.19723514 18247
ONEWEB-0519             
1 54137U 22138AA  23062.39893555  .00000214  00000+0  50220-3 0  9994
2 54137  87.9287 183.9502 0001338  88.8180 271.3106 13.19724639 18328
ONEWEB-0519             
1 54137U 22138AA  23062.39893555  .00000214  00000+0  50220-3 0  9994
2 54137  87.9287 183.9502 0001338  88.8180 271.3106 13.19724639 19194
ONEWEB-0519             
1 54137U 22138AA  23062.85383833 -.00000059  00000+0 -17857-3 0  9996
2 54137  87.9289 183.8604 0001271  87.5646 272.5632 13.19723704 18386
