ONEWEB-0507             
1 54125U 22138N   23059.39153299 -.00000325  00000+0 -84528-3 0  9994
2 54125  87.9407 184.5585 0001339 103.4407 256.6875 13.19726824 17948
ONEWEB-0507             
1 54125U 22138N   23059.84643445 -.00000155  00000+0 -41963-3 0  9998
2 54125  87.9408 184.4691 0001337 103.0685 257.0597 13.19725408 18874
ONEWEB-0507             
1 54125U 22138N   23060.83205371  .00000054  00000+0  10359-3 0  9992
2 54125  87.9410 184.2751 0001365 105.2985 254.8299 13.19724476 18137
ONEWEB-0507             
1 54125U 22138N   23061.05950395  .00000122  00000+0  27150-3 0  9993
2 54125  87.9411 184.2305 0001368 105.1113 255.0172 13.19724762 19039
ONEWEB-0507             
1 54125U 22138N   23061.81767274  .00000050  00000+0  92661-4 0  9999
2 54125  87.9413 184.0815 0001367 106.0407 254.0876 13.19724473 18263
ONEWEB-0507             
1 54125U 22138N   23062.34838909  .00000179  00000+0  41366-3 0  9999
2 54125  87.9407 183.9767 0001364 106.6553 253.4729 13.19725856 18339
ONEWEB-0507             
1 54125U 22138N   23062.34838909  .00000179  00000+0  41366-3 0  9999
2 54125  87.9407 183.9767 0001364 106.6553 253.4729 13.19725856 19206
ONEWEB-0507             
1 54125U 22138N   23062.87910813  .00000004  00000+0 -21650-4 0  9995
2 54125  87.9405 183.8720 0001337 106.1414 253.9866 13.19724577 18400
