ONEWEB-0355             
1 49218U 21083AJ  23059.45954681  .00000333  00000+0  87756-3 0  9993
2 49218  87.9080 199.6453 0001506 116.1849 243.9435 13.13469004 72759
ONEWEB-0355             
1 49218U 21083AJ  23059.68807994  .00000365  00000+0  96381-3 0  9991
2 49218  87.9080 199.6002 0001525 116.3668 243.7618 13.13469023 74081
ONEWEB-0355             
1 49218U 21083AJ  23059.91661314  .00000258  00000+0  67263-3 0  9999
2 49218  87.9078 199.5550 0001522 116.1057 244.0228 13.13469382 72810
ONEWEB-0355             
1 49218U 21083AJ  23060.83074439  .00000369  00000+0  97493-3 0  9999
2 49218  87.9079 199.3744 0001561 116.1034 244.0256 13.13469641 74239
ONEWEB-0355             
1 49218U 21083AJ  23060.90692246  .00000328  00000+0  86428-3 0  9990
2 49218  87.9079 199.3593 0001684 113.1780 246.9526 13.13469880 72944
ONEWEB-0355             
1 49218U 21083AJ  23061.82105286  .00000245  00000+0  63468-3 0  9992
2 49218  87.9081 199.1786 0001583 116.7335 243.3956 13.13469816 73063
ONEWEB-0355             
1 49218U 21083AJ  23062.35429426  .00000302  00000+0  79290-3 0  9990
2 49218  87.9080 199.0732 0001596 116.8581 243.2711 13.13471111 74431
ONEWEB-0355             
1 49218U 21083AJ  23062.43047192  .00000304  00000+0  79738-3 0  9994
2 49218  87.9081 199.0582 0001607 116.7791 243.3503 13.13470820 73143
ONEWEB-0355             
1 49218U 21083AJ  23062.88753759  .00000070  00000+0  15547-3 0  9994
2 49218  87.9082 198.9679 0001600 117.1267 243.0026 13.13470479 73209
