ONEWEB-0659             
1 54678U 22166AN  23059.25001157 -.00767659  00000+0 -50219+0 0  9994
2 54678  87.1883 125.8297 0008690 336.4840 283.3728 14.05165998 12635
ONEWEB-0659             
1 54678U 22166AN  23059.58334491 -.00967033  00000+0 -64120+0 0  9994
2 54678  87.1944 125.7252 0008787 336.4418 168.2566 14.04627317  1301
ONEWEB-0659             
1 54678U 22166AN  23059.66667824 -.00998268  00000+0 -66500+0 0  9990
2 54678  87.1962 125.6993 0008677 336.1768 229.6193 14.04471709 12699
ONEWEB-0659             
1 54678U 22166AN  23059.91667824 -.01025961  00000+0 -69108+0 0  9997
2 54678  87.2010 125.6228 0008759 334.2441  54.5586 14.03943783  1305
ONEWEB-0659             
1 54678U 22166AN  23060.25001157 -.01048676  00000+0 -71610+0 0  9996
2 54678  87.2076 125.5196 0008528 332.7427 299.3055 14.03256580 12776
ONEWEB-0659             
1 54678U 22166AN  23060.91667824 -.01024540  00000+0 -71686+0 0  9995
2 54678  87.2209 125.3148 0008686 330.5914  65.4331 14.01812161 12861
ONEWEB-0659             
1 54678U 22166AN  23061.00001157 -.00972348  00000+0 -68074+0 0  9991
2 54678  87.2224 125.2894 0008650 330.8862 125.4018 14.01607057  1303
ONEWEB-0659             
1 54678U 22166AN  23061.83334491 -.01053717  00000+0 -76433+0 0  9991
2 54678  87.2389 125.0349 0008505 327.1352   8.7771 13.99880644  1300
ONEWEB-0659             
1 54678U 22166AN  23062.50001157 -.00982609  00000+0 -72833+0 0  9996
2 54678  87.2520 124.8328 0008631 325.4759 126.3361 13.98422450 13089
ONEWEB-0659             
1 54678U 22166AN  23062.58334491 -.00967895  00000+0 -71910+0 0  9999
2 54678  87.2535 124.8075 0008480 325.5954 185.4614 13.98242275  1308
ONEWEB-0659             
1 54678U 22166AN  23062.91667824 -.01020045  00000+0 -76941+0 0  9992
2 54678  87.2601 124.7082 0008497 323.4477  64.0632 13.97555153  1307
