ONEWEB-0368             
1 49294U 21090R   23059.29380765  .00000093  00000+0  19754-3 0  9999
2 49294  87.9268 154.3112 0001454  81.7142 278.4156 13.20771343 71938
ONEWEB-0368             
1 49294U 21090R   23059.29380765  .00000093  00000+0  19754-3 0  9999
2 49294  87.9268 154.3112 0001454  81.7142 278.4156 13.20771343 73233
ONEWEB-0368             
1 49294U 21090R   23059.82410632  .00000040  00000+0  65535-4 0  9996
2 49294  87.9262 154.2058 0001417  82.1579 277.9716 13.20770350 72000
ONEWEB-0368             
1 49294U 21090R   23060.27864696  .00000053  00000+0  99326-4 0  9999
2 49294  87.9259 154.1155 0001441  82.4913 277.6384 13.20770812 72062
ONEWEB-0368             
1 49294U 21090R   23060.96045771  .00000109  00000+0  23496-3 0  9996
2 49294  87.9258 153.9803 0001436  82.4803 277.6494 13.20771142 73453
ONEWEB-0368             
1 49294U 21090R   23061.79378344 -.00000077  00000+0 -22219-3 0  9991
2 49294  87.9258 153.8146 0001442  81.5888 278.5409 13.20770658 72267
ONEWEB-0368             
1 49294U 21090R   23062.32407966  .00000013  00000+0  14980-6 0  9991
2 49294  87.9259 153.7093 0001417  81.7698 278.3596 13.20771958 72338
ONEWEB-0368             
1 49294U 21090R   23062.32407966  .00000013  00000+0  14980-6 0  9991
2 49294  87.9259 153.7093 0001417  81.7698 278.3596 13.20771958 73632
