ONEWEB-0589             
1 54655U 22166P   23059.58334491 -.00945682  00000+0 -63045+0 0  9990
2 54655  87.1966 125.7111 0011992 342.1560 337.8791 14.04238584  1306
ONEWEB-0589             
1 54655U 22166P   23059.91667824 -.01008628  00000+0 -68307+0 0  9993
2 54655  87.2036 125.6088 0011885 342.2183 221.4641 14.03570198 12729
ONEWEB-0589             
1 54655U 22166P   23061.00001157 -.00958112  00000+0 -67399+0 0  9998
2 54655  87.2252 125.2759 0011681 338.4295 291.3574 14.01276299  1301
ONEWEB-0589             
1 54655U 22166P   23061.25001157 -.01032499  00000+0 -73565+0 0  9999
2 54655  87.2302 125.1992 0011942 337.5415 112.3799 14.00802579 12914
ONEWEB-0589             
1 54655U 22166P   23061.83334491 -.01042984  00000+0 -75986+0 0  9992
2 54655  87.2417 125.0218 0011764 336.6632 171.7944 13.99582151 12991
ONEWEB-0589             
1 54655U 22166P   23061.83334491 -.01042984  00000+0 -75986+0 0  9992
2 54655  87.2417 125.0218 0011764 336.6632 171.7944 13.99582151  1304
ONEWEB-0589             
1 54655U 22166P   23062.50001157 -.00962802  00000+0 -71616+0 0  9992
2 54655  87.2550 124.8199 0011602 333.4007 290.2642 13.98143482 13099
ONEWEB-0589             
1 54655U 22166P   23062.58334491 -.00950120  00000+0 -70839+0 0  9996
2 54655  87.2564 124.7946 0011664 332.8968 349.9293 13.97968038  1306
ONEWEB-0589             
1 54655U 22166P   23062.91667824 -.01002879  00000+0 -75900+0 0  9996
2 54655  87.2631 124.6954 0011535 332.8110 226.1479 13.97293477  1305
