ONEWEB-0605             
1 54669U 22166AD  23059.58334491  .00050152  00000+0  31198-1 0  9998
2 54669  87.1780 126.3405 0008138   3.0990 192.6286 14.04580651  1307
ONEWEB-0605             
1 54669U 22166AD  23059.66667824  .00016815  00000+0  10496-1 0  9992
2 54669  87.1780 126.3145 0008131   2.8028 254.0363 14.04601642 12620
ONEWEB-0605             
1 54669U 22166AD  23059.91667824 -.00012388  00000+0 -77818-2 0  9995
2 54669  87.1779 126.2375 0008060   2.3427  77.8621 14.04605546  1309
ONEWEB-0605             
1 54669U 22166AD  23060.58334491  .00049937  00000+0  31065-1 0  9992
2 54669  87.1781 126.0287 0008030 359.3847 209.7881 14.04581413 12751
ONEWEB-0605             
1 54669U 22166AD  23061.00001157  .00042323  00000+0  26355-1 0  9998
2 54669  87.1780 125.8998 0007922 358.0757 156.7027 14.04580036  1303
ONEWEB-0605             
1 54669U 22166AD  23061.25001157 -.00038181  00000+0 -24035-1 0  9997
2 54669  87.1786 125.8216 0007882 356.6078 341.5124 14.04629637 12841
ONEWEB-0605             
1 54669U 22166AD  23061.83334491 -.00706870  00000+0 -46546+0 0  9997
2 54669  87.1846 125.6396 0007927 354.6138  51.3576 14.04569772 12929
ONEWEB-0605             
1 54669U 22166AD  23061.83334491 -.00706870  00000+0 -46546+0 0  9997
2 54669  87.1846 125.6396 0007927 354.6138  51.3576 14.04569772  1309
ONEWEB-0605             
1 54669U 22166AD  23062.46598231 -.00064018  00000+0 -40838-1 0  9992
2 54669  87.1775 125.4421 0005343 355.7717   4.3417 14.04086204 12568
ONEWEB-0605             
1 54669U 22166AD  23062.46598231 -.00064018  00000+0 -40838-1 0  9992
2 54669  87.1775 125.4421 0005343 355.7717   4.3417 14.04086204 13019
ONEWEB-0605             
1 54669U 22166AD  23062.91667824 -.00663482  00000+0 -45126+0 0  9990
2 54669  87.2010 125.3034 0007776 351.0806 126.3351 14.03052349  1304
ONEWEB-0605             
1 54669U 22166AD  23062.91667824 -.00663482  00000+0 -45126+0 0  9990
2 54669  87.2010 125.3034 0007776 351.0806 126.3351 14.03052349 13071
