ONEWEB-0261             
1 48979U 21060N   23059.12665291  .00000151  00000+0  36099-3 0  9993
2 48979  87.8993 108.7523 0001537  92.0577 268.0730 13.16595101 82395
ONEWEB-0261             
1 48979U 21060N   23059.50663772  .00000081  00000+0  17905-3 0  9994
2 48979  87.8992 108.6765 0001532  92.4434 267.6872 13.16595074 81145
ONEWEB-0261             
1 48979U 21060N   23059.88662270  .00000034  00000+0  56064-4 0  9995
2 48979  87.8990 108.6006 0001530  92.5625 267.5681 13.16594691 81198
ONEWEB-0261             
1 48979U 21060N   23060.19061007  .00000045  00000+0  83359-4 0  9991
2 48979  87.8990 108.5399 0001532  92.7440 267.3866 13.16595035 82536
ONEWEB-0261             
1 48979U 21060N   23060.57059463  .00000069  00000+0  14618-3 0  9993
2 48979  87.8990 108.4640 0001539  93.1847 266.9460 13.16594964 81283
ONEWEB-0261             
1 48979U 21060N   23061.63455150  .00000035  00000+0  58961-4 0  9997
2 48979  87.8987 108.2514 0001519  93.5334 266.5971 13.16594567 81428
ONEWEB-0261             
1 48979U 21060N   23061.63455150  .00000035  00000+0  58961-4 0  9997
2 48979  87.8987 108.2514 0001519  93.5334 266.5971 13.16594567 82722
ONEWEB-0261             
1 48979U 21060N   23062.16652951  .00000040  00000+0  72213-4 0  9996
2 48979  87.8986 108.1452 0001516  93.6185 266.5119 13.16594986 81495
ONEWEB-0261             
1 48979U 21060N   23062.85050181 -.00000021  00000+0 -88532-4 0  9991
2 48979  87.8985 108.0085 0001513  93.8448 266.2856 13.16594960 81583
