ONEWEB-0157             
1 48055U 21025P   23059.10087790 -.00000266  00000+0 -76209-3 0  9995
2 48055  87.9076 199.7077 0001813 106.9523 253.1805 13.13469702 95385
ONEWEB-0157             
1 48055U 21025P   23059.40558867 -.00000230  00000+0 -66570-3 0  9997
2 48055  87.9077 199.6474 0001823 106.9210 253.2119 13.13469523 95414
ONEWEB-0157             
1 48055U 21025P   23059.86265500 -.00000090  00000+0 -28253-3 0  9996
2 48055  87.9075 199.5568 0001812 106.2816 253.8512 13.13469233 95475
ONEWEB-0157             
1 48055U 21025P   23060.39589903 -.00000090  00000+0 -28024-3 0  9998
2 48055  87.9075 199.4512 0001825 105.8973 254.2358 13.13469484 95556
ONEWEB-0157             
1 48055U 21025P   23060.85296596 -.00000015  00000+0 -75382-4 0  9999
2 48055  87.9075 199.3608 0001857 105.5941 254.5393 13.13468883 95608
ONEWEB-0157             
1 48055U 21025P   23061.76709857  .00000137  00000+0  34078-3 0  9998
2 48055  87.9076 199.1801 0001840 105.1929 254.9404 13.13469192 95720
ONEWEB-0157             
1 48055U 21025P   23061.76709857  .00000137  00000+0  34078-3 0  9998
2 48055  87.9076 199.1801 0001840 105.1929 254.9404 13.13469192 95731
ONEWEB-0157             
1 48055U 21025P   23062.45269782  .00000253  00000+0  65840-3 0  9993
2 48055  87.9078 199.0447 0001845 105.6321 254.5012 13.13469439 95818
ONEWEB-0157             
1 48055U 21025P   23062.83358680  .00000211  00000+0  54273-3 0  9993
2 48055  87.9078 198.9694 0001835 105.5174 254.6158 13.13469278 95862
