ONEWEB-0223             
1 48768U 21045B   23059.29279704  .00000121  00000+0  28855-3 0  9998
2 48768  87.9088 139.1032 0001458 115.8980 244.2301 13.15546988 85980
ONEWEB-0223             
1 48768U 21045B   23059.29279704  .00000121  00000+0  28855-3 0  9998
2 48768  87.9088 139.1032 0001458 115.8980 244.2301 13.15546988 87128
ONEWEB-0223             
1 48768U 21045B   23059.74914226  .00000214  00000+0  53470-3 0  9997
2 48768  87.9087 139.0126 0001452 116.5569 243.5710 13.15546129 86048
ONEWEB-0223             
1 48768U 21045B   23060.58577622 -.00000116  00000+0 -34334-3 0  9997
2 48768  87.9088 138.8468 0001469 118.4114 241.7164 13.15544905 86155
ONEWEB-0223             
1 48768U 21045B   23060.58577622 -.00000116  00000+0 -34334-3 0  9997
2 48768  87.9088 138.8468 0001469 118.4114 241.7164 13.15544905 87291
ONEWEB-0223             
1 48768U 21045B   23061.57452161  .00000536  00000+0  13910-2 0  9997
2 48768  87.9085 138.6507 0001271 115.7734 244.3528 13.15544053 86284
ONEWEB-0223             
1 48768U 21045B   23062.25903697  .00000056  00000+0  11426-3 0  9996
2 48768  87.9084 138.5150 0001555 117.4102 242.7186 13.15546969 86379
ONEWEB-0223             
1 48768U 21045B   23062.25903697  .00000056  00000+0  11426-3 0  9996
2 48768  87.9084 138.5150 0001555 117.4102 242.7186 13.15546969 87516
ONEWEB-0223             
1 48768U 21045B   23062.63932384  .00000046  00000+0  88932-4 0  9999
2 48768  87.9083 138.4395 0001579 117.5214 242.6076 13.15546989 86424
