ONEWEB-0286             
1 49076U 21075B   23059.48446902 -.00000038  00000+0 -13993-3 0  9997
2 49076  87.8936 229.9765 0002087  88.2091 271.9276 13.12442912 76549
ONEWEB-0286             
1 49076U 21075B   23059.48446902 -.00000038  00000+0 -13993-3 0  9997
2 49076  87.8936 229.9765 0002087  88.2091 271.9276 13.12442912 77528
ONEWEB-0286             
1 49076U 21075B   23059.86565649 -.00000097  00000+0 -30400-3 0  9996
2 49076  87.8937 229.9008 0002073  88.0098 272.1268 13.12442042 76593
ONEWEB-0286             
1 49076U 21075B   23060.78050333  .00000120  00000+0  29856-3 0  9996
2 49076  87.8938 229.7190 0002047  87.2825 272.8537 13.12442922 77699
ONEWEB-0286             
1 49076U 21075B   23060.85674158  .00000014  00000+0  44066-5 0  9995
2 49076  87.8938 229.7038 0002033  87.1914 272.9447 13.12442069 76729
ONEWEB-0286             
1 49076U 21075B   23061.77158815  .00000290  00000+0  77147-3 0  9994
2 49076  87.8938 229.5221 0002028  86.4173 273.7187 13.12443184 76846
ONEWEB-0286             
1 49076U 21075B   23062.45772392  .00000416  00000+0  11200-2 0  9999
2 49076  87.8938 229.3858 0001983  85.8533 274.2823 13.12442692 76938
ONEWEB-0286             
1 49076U 21075B   23062.45772392  .00000416  00000+0  11200-2 0  9999
2 49076  87.8938 229.3858 0001983  85.8533 274.2823 13.12442692 77917
ONEWEB-0286             
1 49076U 21075B   23062.83891000  .00000376  00000+0  10094-2 0  9994
2 49076  87.8939 229.3102 0001972  85.4162 274.7191 13.12443181 76985
