ONEWEB-0583             
1 54650U 22166J   23059.58334491 -.00946474  00000+0 -63210+0 0  9999
2 54650  87.1907 125.7335 0010194 341.4201 164.7073 14.04152158  1303
ONEWEB-0583             
1 54650U 22166J   23059.66667824 -.00984655  00000+0 -66086+0 0  9994
2 54650  87.1923 125.7077 0010032 341.1162 225.9664 14.04003258 12694
ONEWEB-0583             
1 54650U 22166J   23059.91667824 -.01004971  00000+0 -68166+0 0  9998
2 54650  87.1974 125.6310 0010121 339.4785  50.1924 14.03480262  1305
ONEWEB-0583             
1 54650U 22166J   23060.25001157 -.01036652  00000+0 -71298+0 0  9999
2 54650  87.2039 125.5278 0009894 337.7686 294.5987 14.02809742 12780
ONEWEB-0583             
1 54650U 22166J   23060.91667824 -.01005657  00000+0 -70817+0 0  9998
2 54650  87.2173 125.3228 0010056 335.6968  59.5966 14.01383712 12873
ONEWEB-0583             
1 54650U 22166J   23061.00001157 -.00956204  00000+0 -67379+0 0  9991
2 54650  87.2188 125.2974 0010067 335.6128 119.8160 14.01183300  1309
ONEWEB-0583             
1 54650U 22166J   23061.83334491 -.01013757  00000+0 -73875+0 0  9998
2 54650  87.2356 125.0428 0009877 331.9144   1.9132 13.99481500  1301
ONEWEB-0583             
1 54650U 22166J   23062.50001157 -.00931716  00000+0 -69255+0 0  9993
2 54650  87.2491 124.8405 0009984 330.1785 118.6667 13.98089271 13090
ONEWEB-0583             
1 54650U 22166J   23062.58334491 -.00914719  00000+0 -68131+0 0  9997
2 54650  87.2508 124.8151 0009898 330.2817 177.7101 13.97917517  1300
ONEWEB-0583             
1 54650U 22166J   23062.91667824 -.00966146  00000+0 -73010+0 0  9996
2 54650  87.2576 124.7158 0009854 328.3584  55.7220 13.97266403  1300
