ONEWEB-0183             
1 48219U 21031K   23059.32247299 -.00000117  00000+0 -35007-3 0  9996
2 48219  87.9134 169.3954 0001887 106.8544 253.2793 13.14505234 90038
ONEWEB-0183             
1 48219U 21031K   23059.85529897 -.00000285  00000+0 -80236-3 0  9991
2 48219  87.9132 169.2900 0001891 106.4308 253.7029 13.14503782 90106
ONEWEB-0183             
1 48219U 21031K   23060.84482925 -.00000027  00000+0 -10854-3 0  9995
2 48219  87.9131 169.0946 0001882 105.6587 254.4751 13.14504002 90233
ONEWEB-0183             
1 48219U 21031K   23060.99706402  .00000077  00000+0  17392-3 0  9997
2 48219  87.9131 169.0646 0001887 105.4646 254.6692 13.14504667 90254
ONEWEB-0183             
1 48219U 21031K   23061.83436017 -.00000011  00000+0 -64794-4 0  9992
2 48219  87.9129 168.8989 0001878 103.9169 256.2170 13.14504554 90367
ONEWEB-0183             
1 48219U 21031K   23062.29106449  .00000324  00000+0  83971-3 0  9998
2 48219  87.9133 168.8092 0001855 106.2377 253.8957 13.14506077 90424
