ONEWEB-0283             
1 49001U 21060AL  23059.53406250 -.00000073  00000+0 -22473-3 0  9999
2 49001  87.8986 108.6476 0001501  96.6767 263.4535 13.16591752 81100
ONEWEB-0283             
1 49001U 21060AL  23059.61005949 -.00000054  00000+0 -17400-3 0  9991
2 49001  87.8985 108.6324 0001496  96.6251 263.5050 13.16591886 82430
ONEWEB-0283             
1 49001U 21060AL  23059.83805074  .00000052  00000+0  10170-3 0  9995
2 49001  87.8984 108.5870 0001498  96.7493 263.3809 13.16591764 81147
ONEWEB-0283             
1 49001U 21060AL  23060.82601056  .00000388  00000+0  98193-3 0  9993
2 49001  87.8985 108.3894 0001494  97.0663 263.0638 13.16594451 81278
ONEWEB-0283             
1 49001U 21060AL  23060.82601056  .00000388  00000+0  98193-3 0  9993
2 49001  87.8985 108.3894 0001494  97.0663 263.0638 13.16594451 82594
ONEWEB-0283             
1 49001U 21060AL  23061.12998719  .00001749  00000+0  45397-2 0  9991
2 49001  87.8960 108.3259 0001764  86.5800 273.5532 13.16605168 82630
ONEWEB-0283             
1 49001U 21060AL  23061.58594955  .00003019  00000+0  78583-2 0  9990
2 49001  87.8970 108.2357 0001405  90.1155 270.0136 13.16617509 81379
ONEWEB-0283             
1 49001U 21060AL  23062.19394624 -.00000267  00000+0 -73242-3 0  9991
2 49001  87.8965 108.1136 0001294  80.5042 279.6236 13.16590962 81459
ONEWEB-0283             
1 49001U 21060AL  23062.19394624 -.00000267  00000+0 -73242-3 0  9991
2 49001  87.8965 108.1136 0001294  80.5042 279.6236 13.16590962 82775
ONEWEB-0283             
1 49001U 21060AL  23062.87791457 -.00001091  00000+0 -28869-2 0  9991
2 49001  87.8972 107.9797 0001425 104.5869 255.5420 13.16596592 81540
