ONEWEB-0347             
1 49280U 21090B   23059.28118373  .00000108  00000+0  23433-3 0  9993
2 49280  87.9265 154.2590 0001324  87.7280 272.4005 13.20771395 71994
ONEWEB-0347             
1 49280U 21090B   23059.81148252 -.00000093  00000+0 -26117-3 0  9998
2 49280  87.9261 154.1536 0001323  88.0541 272.0743 13.20770540 72067
ONEWEB-0347             
1 49280U 21090B   23060.34177869  .00000041  00000+0  68991-4 0  9992
2 49280  87.9260 154.0483 0001316  88.1934 271.9351 13.20771663 72133
ONEWEB-0347             
1 49280U 21090B   23061.62964286  .00000187  00000+0  42847-3 0  9993
2 49280  87.9258 153.7923 0001286  86.7450 273.3831 13.20772505 72302
ONEWEB-0347             
1 49280U 21090B   23062.31145305 -.00001023  00000+0 -25475-2 0  9992
2 49280  87.9270 153.6573 0001274  90.1089 270.0190 13.20777587 72396
