ONEWEB-0130             
1 47276U 20100U   23059.48976852 -.00000304  00000+0 -88070-3 0  9991
2 47276  87.8938 229.9938 0001469 100.9983 259.1311 13.12438388106621
ONEWEB-0130             
1 47276U 20100U   23059.87095597 -.00000280  00000+0 -81257-3 0  9995
2 47276  87.8939 229.9181 0001478 101.3161 258.8134 13.12438457106676
ONEWEB-0130             
1 47276U 20100U   23060.02343102 -.00000203  00000+0 -59993-3 0  9999
2 47276  87.8938 229.8878 0001475 101.1885 258.9409 13.12438184106690
ONEWEB-0130             
1 47276U 20100U   23060.86204464 -.00000150  00000+0 -45323-3 0  9991
2 47276  87.8941 229.7213 0001496 101.9188 258.2108 13.12437367106807
ONEWEB-0130             
1 47276U 20100U   23061.70065647  .00000144  00000+0  36591-3 0  9991
2 47276  87.8942 229.5547 0001490 101.9765 258.1530 13.12438447106911
ONEWEB-0130             
1 47276U 20100U   23062.46302975  .00000486  00000+0  13162-2 0  9990
2 47276  87.8944 229.4032 0001437 102.3358 257.7932 13.12440238107019
ONEWEB-0130             
1 47276U 20100U   23062.84421666  .00000465  00000+0  12570-2 0  9990
2 47276  87.8944 229.3276 0001413 102.2691 257.8596 13.12440911107061
