ONEWEB-0254             
1 48972U 21060F   23059.52985538 -.00000050  00000+0 -16478-3 0  9998
2 48972  87.9010 108.6467 0001481 101.8318 258.2979 13.16596606 81076
ONEWEB-0254             
1 48972U 21060F   23059.60585241 -.00000060  00000+0 -18957-3 0  9999
2 48972  87.9010 108.6313 0001485 101.0411 259.0887 13.16596473 82368
ONEWEB-0254             
1 48972U 21060F   23059.83384290  .00000093  00000+0  21066-3 0  9994
2 48972  87.9008 108.5859 0001483 101.3257 258.8040 13.16596147 81116
ONEWEB-0254             
1 48972U 21060F   23060.82180262  .00000095  00000+0  21372-3 0  9990
2 48972  87.9008 108.3887 0001512 101.3579 258.7722 13.16596219 81245
ONEWEB-0254             
1 48972U 21060F   23060.82180262  .00000095  00000+0  21372-3 0  9990
2 48972  87.9008 108.3887 0001512 101.3579 258.7722 13.16596219 82527
ONEWEB-0254             
1 48972U 21060F   23061.58177179  .00000080  00000+0  17645-3 0  9999
2 48972  87.9006 108.2369 0001517 100.8345 259.2957 13.16595919 81340
ONEWEB-0254             
1 48972U 21060F   23062.18974703  .00000057  00000+0  11534-3 0  9999
2 48972  87.9006 108.1155 0001498  99.9624 260.1676 13.16595575 81424
ONEWEB-0254             
1 48972U 21060F   23062.18974703  .00000057  00000+0  11534-3 0  9999
2 48972  87.9006 108.1155 0001498  99.9624 260.1676 13.16595575 82706
ONEWEB-0254             
1 48972U 21060F   23062.87371840  .00000003  00000+0 -25585-4 0  9992
2 48972  87.9006 107.9795 0001544 102.5952 257.5352 13.16596407 81514
