ONEWEB-0399             
1 50479U 21132L   23059.54695036  .00000860  00000+0  23917-2 0  9998
2 50479  87.8807 260.4244 0001393  72.2755 287.8525 13.11419266 57712
ONEWEB-0399             
1 50479U 21132L   23059.62324711  .00000716  00000+0  19840-2 0  9996
2 50479  87.8806 260.4092 0001375  71.8861 288.2417 13.11419836 59007
ONEWEB-0399             
1 50479U 21132L   23059.85213854  .00000641  00000+0  17722-2 0  9990
2 50479  87.8806 260.3634 0001550  74.6463 285.4836 13.11418274 57751
ONEWEB-0399             
1 50479U 21132L   23060.84399489  .00000574  00000+0  15840-2 0  9994
2 50479  87.8805 260.1654 0001531  74.6660 285.4637 13.11419635 57883
ONEWEB-0399             
1 50479U 21132L   23060.84399489  .00000574  00000+0  15840-2 0  9994
2 50479  87.8805 260.1654 0001531  74.6660 285.4637 13.11419635 59166
ONEWEB-0399             
1 50479U 21132L   23061.60696125  .00000450  00000+0  12351-2 0  9993
2 50479  87.8808 260.0131 0001451  72.9695 287.1591 13.11419763 57986
ONEWEB-0399             
1 50479U 21132L   23062.06473988  .00000451  00000+0  12358-2 0  9992
2 50479  87.8808 259.9217 0001445  73.3148 286.8138 13.11420375 59323
ONEWEB-0399             
1 50479U 21132L   23062.52251948  .00000337  00000+0  91637-3 0  9994
2 50479  87.8809 259.8304 0001430  73.1612 286.9672 13.11419892 58109
ONEWEB-0399             
1 50479U 21132L   23062.82770512  .00000323  00000+0  87476-3 0  9991
2 50479  87.8810 259.7694 0001419  73.4685 286.6598 13.11420202 58147
