ONEWEB-0606             
1 54670U 22166AE  23059.25001157 -.00670626  00000+0 -50350+0 0  9999
2 54670  87.0720 125.8276 0007748   8.9605  83.1745 13.97519237 12540
ONEWEB-0606             
1 54670U 22166AE  23059.58334491 -.00594616  00000+0 -44758+0 0  9994
2 54670  87.0789 125.7200 0007606   7.6268 320.2181 13.97027317  1309
ONEWEB-0606             
1 54670U 22166AE  23059.91667824 -.00652467  00000+0 -49711+0 0  9993
2 54670  87.0863 125.6146 0007601   8.0584 194.9407 13.96602794  1305
ONEWEB-0606             
1 54670U 22166AE  23060.25001157 -.00674617  00000+0 -51875+0 0  9998
2 54670  87.0934 125.5086 0007597   5.8198  71.7914 13.96178560 12683
ONEWEB-0606             
1 54670U 22166AE  23060.91667824 -.00650476  00000+0 -50730+0 0  9996
2 54670  87.1074 125.2978 0007459   4.7708 180.4972 13.95263512 12782
ONEWEB-0606             
1 54670U 22166AE  23061.00001157 -.00606000  00000+0 -47204+0 0  9994
2 54670  87.1092 125.2717 0007345   4.1852 239.3940 13.95130488  1301
ONEWEB-0606             
1 54670U 22166AE  23061.83334491 -.00683603  00000+0 -54589+0 0  9993
2 54670  87.1265 125.0099 0007391   1.1900 103.5962 13.94062421 12900
ONEWEB-0606             
1 54670U 22166AE  23061.83334491 -.00683603  00000+0 -54589+0 0  9993
2 54670  87.1265 125.0099 0007391   1.1900 103.5962 13.94062421  1302
ONEWEB-0606             
1 54670U 22166AE  23062.50001157 -.00606803  00000+0 -48962+0 0  9993
2 54670  87.1410 124.8011 0007212 358.3120 209.0472 13.93117183 13001
ONEWEB-0606             
1 54670U 22166AE  23062.58334491 -.00602520  00000+0 -48693+0 0  9994
2 54670  87.1428 124.7754 0007138 357.7010 267.3222 13.93007486  1305
ONEWEB-0606             
1 54670U 22166AE  23062.91667824 -.00645989  00000+0 -52781+0 0  9999
2 54670  87.1495 124.6730 0007211 356.9931 138.3680 13.92575914  1307
