ONEWEB-0288             
1 49078U 21075D   23059.54588356  .00000365  00000+0  97983-3 0  9998
2 49078  87.8938 229.9650 0001795  98.5657 261.5675 13.12444699 77175
ONEWEB-0288             
1 49078U 21075D   23059.54588356  .00000365  00000+0  97983-3 0  9998
2 49078  87.8938 229.9650 0001795  98.5657 261.5675 13.12444699 78165
ONEWEB-0288             
1 49078U 21075D   23059.92706933  .00000413  00000+0  11129-2 0  9994
2 49078  87.8938 229.8893 0001799  98.4147 261.7185 13.12444885 77221
ONEWEB-0288             
1 49078U 21075D   23060.76567672  .00000535  00000+0  14524-2 0  9990
2 49078  87.8939 229.7227 0001816  98.0744 262.0590 13.12445730 78327
ONEWEB-0288             
1 49078U 21075D   23060.84191439  .00000461  00000+0  12472-2 0  9991
2 49078  87.8941 229.7076 0001799  98.1149 262.0183 13.12445224 77349
ONEWEB-0288             
1 49078U 21075D   23061.83299607  .00000375  00000+0  10073-2 0  9996
2 49078  87.8944 229.5108 0001766  97.8048 262.3280 13.12445144 77470
ONEWEB-0288             
1 49078U 21075D   23061.83299607  .00000375  00000+0  10073-2 0  9996
2 49078  87.8944 229.5108 0001766  97.8048 262.3280 13.12445144 78460
ONEWEB-0288             
1 49078U 21075D   23062.44289016  .00000470  00000+0  12697-2 0  9997
2 49078  87.8946 229.3897 0001755  97.4030 262.7298 13.12446720 77553
ONEWEB-0288             
1 49078U 21075D   23062.74783750  .00000482  00000+0  13040-2 0  9990
2 49078  87.8947 229.3292 0001756  97.3759 262.7569 13.12446943 77593
