ONEWEB-0396             
1 50476U 21132H   23059.17266698 -.00000061  00000+0 -18779-3 0  9998
2 50476  87.9096 214.8775 0001848  92.2135 267.9209 13.18683339 64099
ONEWEB-0396             
1 50476U 21132H   23059.47617309  .00000033  00000+0  51931-4 0  9995
2 50476  87.9095 214.8170 0001848  92.2827 267.8517 13.18683700 62861
ONEWEB-0396             
1 50476U 21132H   23059.85555598  .00000053  00000+0  10237-3 0  9993
2 50476  87.9097 214.7414 0001825  92.0490 268.0851 13.18684130 62910
ONEWEB-0396             
1 50476U 21132H   23060.46256919  .00000122  00000+0  27623-3 0  9991
2 50476  87.9094 214.6203 0001843  92.2485 267.8859 13.18684012 64262
ONEWEB-0396             
1 50476U 21132H   23060.84195296  .00000002  00000+0 -26992-4 0  9990
2 50476  87.9095 214.5447 0001838  92.3542 267.7801 13.18683847 63047
ONEWEB-0396             
1 50476U 21132H   23061.82834969 -.00000058  00000+0 -17929-3 0  9997
2 50476  87.9097 214.3482 0001821  92.1382 267.9958 13.18683484 63174
ONEWEB-0396             
1 50476U 21132H   23061.82834969 -.00000058  00000+0 -17929-3 0  9997
2 50476  87.9097 214.3482 0001821  92.1382 267.9958 13.18683484 64445
ONEWEB-0396             
1 50476U 21132H   23062.43536114  .00000146  00000+0  33722-3 0  9991
2 50476  87.9098 214.2272 0001821  92.0007 268.1333 13.18684685 63257
ONEWEB-0396             
1 50476U 21132H   23062.89062177  .00000016  00000+0  82119-5 0  9996
2 50476  87.9099 214.1364 0001814  91.9406 268.1934 13.18683871 63312
