ONEWEB-0082             
1 45452U 20020AE  23059.53346306 -.00000296  00000+0 -87064-3 0  9999
2 45452  87.8812 260.3557 0001171  95.4517 264.6745 13.11417703144781
ONEWEB-0082             
1 45452U 20020AE  23059.91494579  .00000135  00000+0  34436-3 0  9992
2 45452  87.8811 260.2795 0001396  95.4696 264.6591 13.11414932144836
ONEWEB-0082             
1 45452U 20020AE  23060.90680363  .00000126  00000+0  32072-3 0  9995
2 45452  87.8811 260.0817 0001429  96.2773 263.8518 13.11415141144968
ONEWEB-0082             
1 45452U 20020AE  23061.05939784  .00000005  00000+0 -21051-4 0  9999
2 45452  87.8811 260.0511 0001404  95.7613 264.3675 13.11414601144992
ONEWEB-0082             
1 45452U 20020AE  23061.82236539 -.00000047  00000+0 -16785-3 0  9996
2 45452  87.8811 259.8988 0001396  95.9921 264.1366 13.11414572145083
ONEWEB-0082             
1 45452U 20020AE  23062.50903645 -.00000213  00000+0 -63820-3 0  9998
2 45452  87.8810 259.7619 0001412  96.8456 263.2833 13.11414354145171
ONEWEB-0082             
1 45452U 20020AE  23062.50903645 -.00000213  00000+0 -63820-3 0  9998
2 45452  87.8810 259.7619 0001412  96.8456 263.2833 13.11414354145182
ONEWEB-0082             
1 45452U 20020AE  23062.81422290 -.00000191  00000+0 -57576-3 0  9990
2 45452  87.8811 259.7011 0001414  97.2612 262.8677 13.11414781145219
