ONEWEB-0366             
1 49292U 21090P   23059.26326180 -.00000092  00000+0 -28387-3 0  9998
2 49292  87.9137 169.4001 0001495  98.5636 261.5663 13.14501261 70561
ONEWEB-0366             
1 49292U 21090P   23059.33937973 -.00000083  00000+0 -25823-3 0  9996
2 49292  87.9139 169.3852 0001505  98.2524 261.8777 13.14501059 69271
ONEWEB-0366             
1 49292U 21090P   23059.79608728 -.00000226  00000+0 -64331-3 0  9995
2 49292  87.9140 169.2950 0001511  98.5910 261.5391 13.14500875 69331
ONEWEB-0366             
1 49292U 21090P   23060.32891160 -.00000113  00000+0 -33909-3 0  9992
2 49292  87.9137 169.1895 0001528  99.4822 260.6480 13.14501293 70701
ONEWEB-0366             
1 49292U 21090P   23060.86173811 -.00000249  00000+0 -70617-3 0  9994
2 49292  87.9137 169.0840 0001506  99.8870 260.2430 13.14500063 69470
ONEWEB-0366             
1 49292U 21090P   23061.31844452 -.00000195  00000+0 -56142-3 0  9998
2 49292  87.9133 168.9936 0001517  99.5105 260.6196 13.14501133 69539
ONEWEB-0366             
1 49292U 21090P   23062.30797707  .00000003  00000+0 -26862-4 0  9992
2 49292  87.9129 168.7977 0001527  99.4856 260.6447 13.14501635 69660
ONEWEB-0366             
1 49292U 21090P   23062.30797707  .00000003  00000+0 -26862-4 0  9992
2 49292  87.9129 168.7977 0001527  99.4856 260.6447 13.14501635 70965
ONEWEB-0366             
1 49292U 21090P   23062.84080369 -.00000025  00000+0 -10195-3 0  9996
2 49292  87.9128 168.6923 0001496  98.7530 261.3769 13.14500617 69737
