ONEWEB-0138             
1 47284U 20100AC  23059.50457251 -.00000294  00000+0 -85183-3 0  9990
2 47284  87.8937 229.9747 0001565 102.3715 257.7589 13.12440332106637
ONEWEB-0138             
1 47284U 20100AC  23059.88575898 -.00000362  00000+0 -10414-2 0  9999
2 47284  87.8937 229.8990 0001567 102.5861 257.5442 13.12440141106681
ONEWEB-0138             
1 47284U 20100AC  23060.03823367 -.00000336  00000+0 -97019-3 0  9993
2 47284  87.8937 229.8687 0001568 102.4668 257.6636 13.12439771106705
ONEWEB-0138             
1 47284U 20100AC  23060.87684744  .00001244  00000+0  34229-2 0  9999
2 47284  87.8938 229.7022 0001641 101.4230 258.7083 13.12430790106816
ONEWEB-0138             
1 47284U 20100AC  23060.95306518 -.00011559  00000+0 -32183-1 0  9996
2 47284  87.8939 229.6871 0001159  99.3094 260.8165 13.12493749106824
ONEWEB-0138             
1 47284U 20100AC  23061.71545564 -.00000368  00000+0 -10594-2 0  9996
2 47284  87.8942 229.5357 0001574 102.9432 257.1872 13.12439241106926
ONEWEB-0138             
1 47284U 20100AC  23062.47782957 -.00000213  00000+0 -62882-3 0  9996
2 47284  87.8945 229.3844 0001576 103.2239 256.9065 13.12439428107029
ONEWEB-0138             
1 47284U 20100AC  23062.85901800 -.00000283  00000+0 -82155-3 0  9990
2 47284  87.8947 229.3087 0001569 103.5024 256.6280 13.12438459107071
