ONEWEB-0087             
1 45451U 20020AD  23059.53123533  .00000334  00000+0  90721-3 0  9998
2 45451  87.8741 260.3471 0001326  77.3626 282.7650 13.11417010144695
ONEWEB-0087             
1 45451U 20020AD  23059.91271787  .00000291  00000+0  78476-3 0  9990
2 45451  87.8742 260.2709 0001336  78.5485 281.5793 13.11417705144748
ONEWEB-0087             
1 45451U 20020AD  23060.82827632  .00000157  00000+0  40777-3 0  9992
2 45451  87.8740 260.0871 0001311  76.4105 283.7169 13.11418521144864
ONEWEB-0087             
1 45451U 20020AD  23061.05716647  .00000017  00000+0  12733-4 0  9998
2 45451  87.8740 260.0413 0001289  76.7492 283.3779 13.11418215144900
ONEWEB-0087             
1 45451U 20020AD  23061.82013195 -.00000109  00000+0 -34291-3 0  9997
2 45451  87.8741 259.8887 0001277  77.7043 282.4228 13.11418407144993
ONEWEB-0087             
1 45451U 20020AD  23062.04902159 -.00000142  00000+0 -43622-3 0  9994
2 45451  87.8739 259.8429 0001271  78.1733 281.9537 13.11418299145028
ONEWEB-0087             
1 45451U 20020AD  23062.81198783 -.00000315  00000+0 -92370-3 0  9995
2 45451  87.8740 259.6900 0001261  78.5049 281.6220 13.11417803145122
ONEWEB-0087             
1 45451U 20020AD  23062.81198783 -.00000315  00000+0 -92370-3 0  9995
2 45451  87.8740 259.6900 0001261  78.5049 281.6220 13.11417803145133
