ONEWEB-0217             
1 48245U 21031AM  23059.34784429 -.00000018  00000+0 -82726-4 0  9999
2 48245  87.9133 169.3521 0001806 124.7992 235.3308 13.14504579 89899
ONEWEB-0217             
1 48245U 21031AM  23059.34784429 -.00000018  00000+0 -82726-4 0  9999
2 48245  87.9133 169.3521 0001806 124.7992 235.3308 13.14504579 89901
ONEWEB-0217             
1 48245U 21031AM  23059.80455039 -.00000087  00000+0 -26830-3 0  9991
2 48245  87.9132 169.2620 0001811 124.7281 235.4019 13.14504210 89953
ONEWEB-0217             
1 48245U 21031AM  23060.33737360 -.00000207  00000+0 -59407-3 0  9991
2 48245  87.9130 169.1566 0001840 124.8323 235.2980 13.14504510 90027
ONEWEB-0217             
1 48245U 21031AM  23061.02243158 -.00000068  00000+0 -21748-3 0  9997
2 48245  87.9130 169.0211 0001870 124.7979 235.3327 13.14504954 90121
ONEWEB-0217             
1 48245U 21031AM  23061.78360944 -.00000229  00000+0 -65272-3 0  9992
2 48245  87.9127 168.8702 0001920 124.2554 235.8757 13.14504018 90212
ONEWEB-0217             
1 48245U 21031AM  23062.24031477 -.00000227  00000+0 -64607-3 0  9999
2 48245  87.9125 168.7797 0001945 123.9444 236.1871 13.14505247 90287
ONEWEB-0217             
1 48245U 21031AM  23062.31643202 -.00000071  00000+0 -22636-3 0  9995
2 48245  87.9126 168.7647 0001959 123.8398 236.2919 13.14505247 90288
ONEWEB-0217             
1 48245U 21031AM  23062.84925761 -.00000247  00000+0 -70201-3 0  9992
2 48245  87.9126 168.6588 0001954 123.4713 236.6604 13.14504000 90352
