ONEWEB-0426             
1 50498U 21132AF  23059.47196687 -.00000031  00000+0 -11090-3 0  9991
2 50498  87.9220 214.8061 0001975  85.4900 274.6458 13.18684241 62817
ONEWEB-0426             
1 50498U 21132AF  23059.69959614  .00000114  00000+0  25671-3 0  9992
2 50498  87.9221 214.7610 0001975  85.4846 274.6512 13.18684548 64134
ONEWEB-0426             
1 50498U 21132AF  23059.92722612  .00000081  00000+0  17276-3 0  9999
2 50498  87.9221 214.7159 0001974  85.4598 274.6760 13.18684521 62870
ONEWEB-0426             
1 50498U 21132AF  23060.91362200  .00000012  00000+0 -22930-5 0  9993
2 50498  87.9222 214.5203 0001972  85.4205 274.7152 13.18684834 63001
ONEWEB-0426             
1 50498U 21132AF  23061.14125091  .00000108  00000+0  24058-3 0  9990
2 50498  87.9221 214.4752 0001961  85.3086 274.8270 13.18685583 64322
ONEWEB-0426             
1 50498U 21132AF  23061.82414155 -.00000063  00000+0 -19287-3 0  9997
2 50498  87.9223 214.3401 0001914  84.8803 275.2548 13.18684268 63122
ONEWEB-0426             
1 50498U 21132AF  23062.35527583  .00000164  00000+0  38348-3 0  9995
2 50498  87.9223 214.2349 0001888  84.4237 275.7110 13.18685483 64489
ONEWEB-0426             
1 50498U 21132AF  23062.43115271  .00000140  00000+0  32140-3 0  9999
2 50498  87.9223 214.2198 0001897  84.4344 275.7004 13.18685186 63201
ONEWEB-0426             
1 50498U 21132AF  23062.88641242  .00000009  00000+0 -87750-5 0  9994
2 50498  87.9224 214.1296 0001880  84.2339 275.9007 13.18685100 63261
