ONEWEB-0180             
1 48213U 21031D   23059.36264622  .00000237  00000+0  60605-3 0  9996
2 48213  87.9132 169.3447 0001922 110.5303 249.6033 13.14504622 89935
ONEWEB-0180             
1 48213U 21031D   23059.81935261  .00000093  00000+0  21695-3 0  9996
2 48213  87.9132 169.2546 0001943 109.4302 250.7038 13.14504563 89991
ONEWEB-0180             
1 48213U 21031D   23060.35217525  .00000116  00000+0  27773-3 0  9992
2 48213  87.9133 169.1492 0001975 110.5964 249.5378 13.14504952 90068
ONEWEB-0180             
1 48213U 21031D   23061.03723312  .00000114  00000+0  27371-3 0  9996
2 48213  87.9133 169.0139 0001976 110.9050 249.2291 13.14505091 90152
ONEWEB-0180             
1 48213U 21031D   23061.79840987 -.00000106  00000+0 -31954-3 0  9992
2 48213  87.9133 168.8638 0001989 109.6961 250.4383 13.14504573 90254
ONEWEB-0180             
1 48213U 21031D   23062.25511460 -.00000119  00000+0 -35543-3 0  9997
2 48213  87.9133 168.7735 0002002 109.5031 250.6316 13.14505601 90313
ONEWEB-0180             
1 48213U 21031D   23062.33123197 -.00000022  00000+0 -92454-4 0  9990
2 48213  87.9134 168.7587 0002010 109.0242 251.1105 13.14505474 90328
