ONEWEB-0521             
1 54139U 22138AC  23059.35784471  .00000097  00000+0  20994-3 0  9998
2 54139  87.9367 184.5608 0001827  95.9347 264.1994 13.19728138 17850
ONEWEB-0521             
1 54139U 22138AC  23059.35784471  .00000097  00000+0  20994-3 0  9998
2 54139  87.9367 184.5608 0001827  95.9347 264.1994 13.19728138 18750
ONEWEB-0521             
1 54139U 22138AC  23059.88856239 -.00000055  00000+0 -16959-3 0  9990
2 54139  87.9366 184.4559 0001813  95.1463 264.9877 13.19727494 17929
ONEWEB-0521             
1 54139U 22138AC  23060.87417881  .00000037  00000+0  60094-4 0  9995
2 54139  87.9368 184.2617 0001797  94.3686 265.7652 13.19727159 18056
ONEWEB-0521             
1 54139U 22138AC  23061.78397892 -.00000005  00000+0 -44711-4 0  9990
2 54139  87.9369 184.0827 0001798  95.3050 264.8288 13.19727187 18174
ONEWEB-0521             
1 54139U 22138AC  23062.39051149  .00000029  00000+0  41329-4 0  9996
2 54139  87.9370 183.9631 0001804  95.5249 264.6090 13.19728222 18256
ONEWEB-0521             
1 54139U 22138AC  23062.39051149  .00000029  00000+0  41329-4 0  9996
2 54139  87.9370 183.9631 0001804  95.5249 264.6090 13.19728222 19156
ONEWEB-0521             
1 54139U 22138AC  23062.84541282 -.00000077  00000+0 -22437-3 0  9991
2 54139  87.9371 183.8735 0001792  95.7918 264.3419 13.19727255 18316
