ONEWEB-0150             
1 48047U 21025F   23059.42886369 -.00000074  00000+0 -23675-3 0  9996
2 48047  87.9075 199.6456 0001778 106.1718 253.9607 13.13471353 95397
ONEWEB-0150             
1 48047U 21025F   23059.88592765 -.00000152  00000+0 -44988-3 0  9997
2 48047  87.9075 199.5552 0001775 106.3685 253.7639 13.13472052 95452
ONEWEB-0150             
1 48047U 21025F   23060.87623439 -.00000276  00000+0 -79203-3 0  9996
2 48047  87.9076 199.3595 0001811 106.0352 254.0977 13.13471748 95581
ONEWEB-0150             
1 48047U 21025F   23061.10476663 -.00000247  00000+0 -71036-3 0  9992
2 48047  87.9077 199.3143 0001811 105.9994 254.1334 13.13471691 95610
ONEWEB-0150             
1 48047U 21025F   23061.79036472 -.00000347  00000+0 -98473-3 0  9992
2 48047  87.9077 199.1786 0001807 106.1408 253.9921 13.13470891 95709
ONEWEB-0150             
1 48047U 21025F   23062.32360613 -.00000214  00000+0 -62150-3 0  9995
2 48047  87.9075 199.0732 0001789 105.6970 254.4357 13.13471893 95773
ONEWEB-0150             
1 48047U 21025F   23062.39978367 -.00000203  00000+0 -59190-3 0  9991
2 48047  87.9076 199.0581 0001795 105.6241 254.5086 13.13471868 95787
ONEWEB-0150             
1 48047U 21025F   23062.85684956 -.00000310  00000+0 -88315-3 0  9990
2 48047  87.9076 198.9676 0001778 105.5887 254.5439 13.13471497 95843
