ONEWEB-0237             
1 48770U 21045D   23059.25477927 -.00000038  00000+0 -13385-3 0  9995
2 48770  87.9093 139.0854 0001209 105.7565 254.3699 13.15548501 85964
ONEWEB-0237             
1 48770U 21045D   23059.25477927 -.00000038  00000+0 -13385-3 0  9995
2 48770  87.9093 139.0854 0001209 105.7565 254.3699 13.15548501 87090
ONEWEB-0237             
1 48770U 21045D   23059.63506588 -.00000089  00000+0 -27144-3 0  9997
2 48770  87.9093 139.0100 0001197 106.8287 253.2975 13.15548488 86013
ONEWEB-0237             
1 48770U 21045D   23060.24352463 -.00000134  00000+0 -38873-3 0  9999
2 48770  87.9090 138.8890 0001229 107.9880 252.1384 13.15548428 86094
ONEWEB-0237             
1 48770U 21045D   23061.15621256 -.00000026  00000+0 -10175-3 0  9994
2 48770  87.9090 138.7083 0001242 108.7928 251.3337 13.15548577 87347
ONEWEB-0237             
1 48770U 21045D   23061.61255735 -.00000092  00000+0 -27885-3 0  9999
2 48770  87.9091 138.6179 0001257 109.7271 250.3995 13.15548102 86275
ONEWEB-0237             
1 48770U 21045D   23062.29707280  .00000083  00000+0  18692-3 0  9995
2 48770  87.9090 138.4821 0001270 110.6267 249.5000 13.15548912 86363
ONEWEB-0237             
1 48770U 21045D   23062.29707280  .00000083  00000+0  18692-3 0  9995
2 48770  87.9090 138.4821 0001270 110.6267 249.5000 13.15548912 87498
