ONEWEB-0174             
1 48072U 21025AG  23059.46059220  .00000302  00000+0  79333-3 0  9990
2 48072  87.9068 199.6515 0002053  93.7869 266.3495 13.13473801 95683
ONEWEB-0174             
1 48072U 21025AG  23059.91765790  .00000189  00000+0  48381-3 0  9998
2 48072  87.9066 199.5610 0002037  92.2020 267.9342 13.13473059 95741
ONEWEB-0174             
1 48072U 21025AG  23060.45090521 -.00000245  00000+0 -70578-3 0  9990
2 48072  87.9069 199.4557 0002103  94.0718 266.0651 13.13469183 95815
ONEWEB-0174             
1 48072U 21025AG  23060.90797243 -.00000347  00000+0 -98506-3 0  9999
2 48072  87.9068 199.3654 0002098  93.4530 266.6839 13.13468150 95872
ONEWEB-0174             
1 48072U 21025AG  23061.82210493 -.00000359  00000+0 -10179-2 0  9990
2 48072  87.9070 199.1847 0002070  92.9509 267.1857 13.13467429 95994
ONEWEB-0174             
1 48072U 21025AG  23062.43152618  .00000295  00000+0  77330-3 0  9992
2 48072  87.9072 199.0642 0002041  92.3049 267.8314 13.13465959 96070
ONEWEB-0174             
1 48072U 21025AG  23062.88859393  .00000105  00000+0  25314-3 0  9990
2 48072  87.9073 198.9739 0002030  92.2149 267.9212 13.13465047 96137
