ONEWEB-0129             
1 47275U 20100T   23059.46435339  .00000391  00000+0  10510-2 0  9995
2 47275  87.8937 230.0057 0003070 124.5644 235.5775 13.12444587106653
ONEWEB-0129             
1 47275U 20100T   23059.54059068  .00000454  00000+0  12267-2 0  9996
2 47275  87.8937 229.9905 0003084 124.4902 235.6518 13.12444203106665
ONEWEB-0129             
1 47275U 20100T   23059.92177656  .00000479  00000+0  12954-2 0  9992
2 47275  87.8938 229.9148 0003078 123.9066 236.2356 13.12444294106716
ONEWEB-0129             
1 47275U 20100T   23060.76038419  .00000505  00000+0  13696-2 0  9993
2 47275  87.8939 229.7482 0003113 122.6148 237.5282 13.12444925106828
ONEWEB-0129             
1 47275U 20100T   23060.91285881  .00000369  00000+0  99116-3 0  9997
2 47275  87.8940 229.7180 0003104 122.6180 237.5249 13.12444798106844
ONEWEB-0129             
1 47275U 20100T   23061.82770257  .00000513  00000+0  13894-2 0  9993
2 47275  87.8947 229.5364 0003447 121.8901 238.2563 13.12444673106967
ONEWEB-0129             
1 47275U 20100T   23062.43759810  .00000297  00000+0  78969-3 0  9997
2 47275  87.8947 229.4152 0003089 120.5459 239.5974 13.12445197107049
ONEWEB-0129             
1 47275U 20100T   23062.89501861  .00000007  00000+0 -14541-4 0  9995
2 47275  87.8950 229.3244 0003110 119.5924 240.5514 13.12447303107104
ONEWEB-0129             
1 47275U 20100T   23062.97125605  .00000198  00000+0  51630-3 0  9991
2 47275  87.8949 229.3092 0003109 119.6961 240.4478 13.12445960107119
