ONEWEB-0510             
1 54128U 22138R   23059.28485151  .00009494  00000+0  16100-2 0  9994
2 54128  86.9055 169.5369 0010046 203.6004 156.4752 14.69119503 19818
ONEWEB-0510             
1 54128U 22138R   23059.35296364  .00009579  00000+0  16245-2 0  9992
2 54128  86.9055 169.5111 0010213 203.7109 156.3637 14.69119985 18933
ONEWEB-0510             
1 54128U 22138R   23059.82975381  .00009650  00000+0  16363-2 0  9998
2 54128  86.9051 169.3300 0010163 202.3611 157.7163 14.69123101 19007
ONEWEB-0510             
1 54128U 22138R   23060.30653514  .00006844  00000+0  11595-2 0  9998
2 54128  86.9051 169.1490 0010141 200.2101 159.8715 14.69134842 19079
ONEWEB-0510             
1 54128U 22138R   23060.30653514  .00006844  00000+0  11595-2 0  9998
2 54128  86.9051 169.1490 0010141 200.2101 159.8715 14.69134842 19967
ONEWEB-0510             
1 54128U 22138R   23061.80498889  .00002667  00000+0  44956-3 0  9993
2 54128  86.9053 168.5804 0010470 194.7336 165.3577 14.69146357 19291
ONEWEB-0510             
1 54128U 22138R   23062.34987842  .00003413  00000+0  57623-3 0  9990
2 54128  86.9056 168.3736 0010537 192.7086 167.3865 14.69152916 19379
ONEWEB-0510             
1 54128U 22138R   23062.34987842  .00003413  00000+0  57623-3 0  9990
2 54128  86.9056 168.3736 0010537 192.7086 167.3865 14.69152916 20269
ONEWEB-0510             
1 54128U 22138R   23062.75854617  .00003168  00000+0  53456-3 0  9995
2 54128  86.9056 168.2185 0010597 191.3110 168.7870 14.69154408 19431
