ONEWEB-0146             
1 47292U 20100AL  23059.48128542 -.00000093  00000+0 -29399-3 0  9998
2 47292  87.8941 229.9919 0001450  75.5570 284.5719 13.12440462106654
ONEWEB-0146             
1 47292U 20100AL  23059.86247310  .00000028  00000+0  41614-4 0  9996
2 47292  87.8942 229.9162 0001446  75.6025 284.5263 13.12439633106704
ONEWEB-0146             
1 47292U 20100AL  23060.77732200  .00000249  00000+0  65712-3 0  9994
2 47292  87.8942 229.7344 0001429  76.0070 284.1217 13.12440202106822
ONEWEB-0146             
1 47292U 20100AL  23060.85356041  .00000135  00000+0  33982-3 0  9996
2 47292  87.8943 229.7193 0001412  75.8358 284.2928 13.12439359106835
ONEWEB-0146             
1 47292U 20100AL  23061.76840808  .00000402  00000+0  10815-2 0  9992
2 47292  87.8944 229.5376 0001379  75.9564 284.1718 13.12440904106956
ONEWEB-0146             
1 47292U 20100AL  23062.22583260  .00000476  00000+0  12891-2 0  9997
2 47292  87.8946 229.4468 0001340  75.7864 284.3413 13.12440587107017
ONEWEB-0146             
1 47292U 20100AL  23062.45454490  .00000444  00000+0  12002-2 0  9993
2 47292  87.8946 229.4014 0001338  75.8328 284.2949 13.12440599107046
ONEWEB-0146             
1 47292U 20100AL  23062.83573141  .00000387  00000+0  10404-2 0  9990
2 47292  87.8947 229.3257 0001312  75.7698 284.3576 13.12441110107098
