ONEWEB-0302             
1 49091U 21075S   23059.22504920  .00000418  00000+0  11274-2 0  9990
2 49091  87.8933 230.0327 0001759 102.7799 257.3526 13.12442454 77494
ONEWEB-0302             
1 49091U 21075S   23059.52999809  .00000375  00000+0  10063-2 0  9994
2 49091  87.8933 229.9722 0001773 102.6570 257.4757 13.12442324 76539
ONEWEB-0302             
1 49091U 21075S   23059.91118314  .00000395  00000+0  10638-2 0  9991
2 49091  87.8934 229.8964 0001786 102.8031 257.3297 13.12443078 76585
ONEWEB-0302             
1 49091U 21075S   23060.44484274  .00000342  00000+0  91660-3 0  9999
2 49091  87.8933 229.7903 0001797 102.6408 257.4921 13.12443224 77651
ONEWEB-0302             
1 49091U 21075S   23060.90226560  .00000149  00000+0  37928-3 0  9994
2 49091  87.8935 229.6995 0001799 102.7687 257.3642 13.12443010 76713
ONEWEB-0302             
1 49091U 21075S   23061.74087274  .00000072  00000+0  16562-3 0  9990
2 49091  87.8938 229.5329 0001796 102.3712 257.7617 13.12443232 76822
ONEWEB-0302             
1 49091U 21075S   23062.42700558 -.00000030  00000+0 -11750-3 0  9993
2 49091  87.8938 229.3966 0001793 102.3612 257.7717 13.12443544 76910
ONEWEB-0302             
1 49091U 21075S   23062.42700558 -.00000030  00000+0 -11750-3 0  9993
2 49091  87.8938 229.3966 0001793 102.3612 257.7717 13.12443544 77911
ONEWEB-0302             
1 49091U 21075S   23062.88442785 -.00000171  00000+0 -50970-3 0  9991
2 49091  87.8940 229.3057 0001775 102.6560 257.4767 13.12443407 76975
