ONEWEB-0512             
1 54130U 22138T   23059.04824958  .00000077  00000+0  16044-3 0  9999
2 54130  87.9300 184.6211 0001160  83.3891 276.7374 13.19723900 18724
ONEWEB-0512             
1 54130U 22138T   23059.42733404  .00000057  00000+0  11097-3 0  9997
2 54130  87.9300 184.5463 0001179  84.0740 276.0527 13.19723949 17908
ONEWEB-0512             
1 54130U 22138T   23059.88223628 -.00000052  00000+0 -16198-3 0  9993
2 54130  87.9299 184.4562 0001155  82.3604 277.7660 13.19723269 17965
ONEWEB-0512             
1 54130U 22138T   23060.41295358  .00000046  00000+0  81418-4 0  9992
2 54130  87.9300 184.3513 0001145  82.6868 277.4395 13.19723965 18907
ONEWEB-0512             
1 54130U 22138T   23060.86785570 -.00000010  00000+0 -56246-4 0  9995
2 54130  87.9300 184.2614 0001130  83.1431 276.9830 13.19723101 18094
ONEWEB-0512             
1 54130U 22138T   23061.32275614  .00000117  00000+0  26073-3 0  9990
2 54130  87.9303 184.1716 0001107  85.1529 274.9730 13.19723911 18156
ONEWEB-0512             
1 54130U 22138T   23062.30837605  .00000093  00000+0  20038-3 0  9991
2 54130  87.9304 183.9767 0001083  87.0328 273.0929 13.19724023 19157
ONEWEB-0512             
1 54130U 22138T   23062.38419305  .00000010  00000+0 -66034-5 0  9990
2 54130  87.9305 183.9618 0001087  86.7704 273.3553 13.19724227 18297
ONEWEB-0512             
1 54130U 22138T   23062.83909520  .00000016  00000+0  74166-5 0  9993
2 54130  87.9306 183.8718 0001067  88.3124 271.8131 13.19723458 18357
