ONEWEB-0455             
1 51645U 22012Z   23059.54412512  .00000543  00000+0  23539-3 0  9997
2 51645  87.5254 251.1857 0019288  84.3508 275.9881 14.22405745 54822
ONEWEB-0455             
1 51645U 22012Z   23059.61447296  .00000542  00000+0  23510-3 0  9990
2 51645  87.5254 251.1659 0019286  84.1498 276.1891 14.22405808 56114
ONEWEB-0455             
1 51645U 22012Z   23059.89586445  .00000519  00000+0  22491-3 0  9991
2 51645  87.5254 251.0867 0019283  83.3501 276.9884 14.22405920 54873
ONEWEB-0455             
1 51645U 22012Z   23060.81038593  .00000508  00000+0  22008-3 0  9993
2 51645  87.5255 250.8291 0019260  80.7311 279.6056 14.22406780 56280
ONEWEB-0455             
1 51645U 22012Z   23060.88073371  .00000510  00000+0  22093-3 0  9990
2 51645  87.5255 250.8093 0019253  80.5307 279.8059 14.22406858 55016
ONEWEB-0455             
1 51645U 22012Z   23061.79525444  .00000523  00000+0  22671-3 0  9990
2 51645  87.5256 250.5518 0019232  77.8920 282.4423 14.22407873 55140
ONEWEB-0455             
1 51645U 22012Z   23062.21734046  .00000590  00000+0  25663-3 0  9996
2 51645  87.5255 250.4329 0019228  76.6831 283.6502 14.22408748 56482
ONEWEB-0455             
1 51645U 22012Z   23062.49873113  .00000587  00000+0  25531-3 0  9995
2 51645  87.5255 250.3537 0019223  75.8771 284.4554 14.22409073 55242
ONEWEB-0455             
1 51645U 22012Z   23062.78012175  .00000581  00000+0  25280-3 0  9995
2 51645  87.5255 250.2744 0019215  75.0490 285.2826 14.22409347 55281
