ONEWEB-0350             
1 49214U 21083AE  23059.44684837  .00000344  00000+0  90803-3 0  9990
2 49214  87.9081 199.6615 0001967 109.3960 250.7382 13.13471779 72787
ONEWEB-0350             
1 49214U 21083AE  23059.67538011  .00000417  00000+0  11064-2 0  9999
2 49214  87.9081 199.6164 0001978 109.2509 250.8834 13.13472332 74114
ONEWEB-0350             
1 49214U 21083AE  23059.90391281  .00000278  00000+0  72544-3 0  9997
2 49214  87.9082 199.5712 0001975 109.3380 250.7963 13.13472223 72847
ONEWEB-0350             
1 49214U 21083AE  23060.89421883  .00000146  00000+0  36445-3 0  9993
2 49214  87.9083 199.3756 0002012 109.0905 251.0442 13.13472343 72970
ONEWEB-0350             
1 49214U 21083AE  23061.12275021  .00000189  00000+0  48310-3 0  9992
2 49214  87.9083 199.3304 0002013 109.0765 251.0582 13.13472977 74301
ONEWEB-0350             
1 49214U 21083AE  23061.80834698 -.00000036  00000+0 -13212-3 0  9994
2 49214  87.9084 199.1949 0002012 108.8981 251.2366 13.13472630 73094
ONEWEB-0350             
1 49214U 21083AE  23062.41776511 -.00000058  00000+0 -19499-3 0  9998
2 49214  87.9084 199.0744 0002029 108.6341 251.5009 13.13473208 73170
ONEWEB-0350             
1 49214U 21083AE  23062.41776511 -.00000058  00000+0 -19499-3 0  9998
2 49214  87.9084 199.0744 0002029 108.6341 251.5009 13.13473208 74474
ONEWEB-0350             
1 49214U 21083AE  23062.87483128 -.00000344  00000+0 -97590-3 0  9993
2 49214  87.9084 198.9840 0002027 108.8634 251.2715 13.13471461 73237
