ONEWEB-0166             
1 48065U 21025Z   23059.39924453 -.00000046  00000+0 -16066-3 0  9994
2 48065  87.9074 199.6495 0001814 102.3637 257.7695 13.13471704 95498
ONEWEB-0166             
1 48065U 21025Z   23059.93248864 -.00000149  00000+0 -44343-3 0  9992
2 48065  87.9071 199.5439 0001797 101.1255 259.0076 13.13471515 95561
ONEWEB-0166             
1 48065U 21025Z   23060.38957005  .00009906  00000+0  27081-1 0  9993
2 48065  87.9071 199.4537 0002048 106.5713 253.5641 13.13421099 95623
ONEWEB-0166             
1 48065U 21025Z   23060.84663736 -.00001696  00000+0 -46822-2 0  9994
2 48065  87.9062 199.3613 0001291  98.0813 262.0463 13.13457492 95681
ONEWEB-0166             
1 48065U 21025Z   23061.07516388  .00000084  00000+0  19610-3 0  9994
2 48065  87.9071 199.3183 0002138  96.6091 263.5281 13.13468011 95713
ONEWEB-0166             
1 48065U 21025Z   23061.45604830  .00000432  00000+0  11490-2 0  9990
2 48065  87.9075 199.2429 0001840 100.7559 259.3778 13.13470774 95762
ONEWEB-0166             
1 48065U 21025Z   23062.37018091  .00000660  00000+0  17725-2 0  9990
2 48065  87.9074 199.0625 0001749 101.4474 258.6851 13.13470336 95880
ONEWEB-0166             
1 48065U 21025Z   23062.44635854  .00001036  00000+0  28026-2 0  9994
2 48065  87.9077 199.0474 0001724 102.9250 257.2071 13.13468952 95897
ONEWEB-0166             
1 48065U 21025Z   23062.67489501  .00002633  00000+0  71742-2 0  9992
2 48065  87.9079 199.0022 0001872 103.3160 256.8178 13.13459730 95928
