ONEWEB-0500             
1 54118U 22138F   23059.40837626  .00000007  00000+0 -15781-4 0  9993
2 54118  87.9344 184.5606 0001654 107.3623 252.7690 13.19728896 17928
ONEWEB-0500             
1 54118U 22138F   23059.40837626  .00000007  00000+0 -15781-4 0  9993
2 54118  87.9344 184.5606 0001654 107.3623 252.7690 13.19728896 18794
ONEWEB-0500             
1 54118U 22138F   23059.86327529  .00000010  00000+0 -77407-5 0  9997
2 54118  87.9343 184.4709 0001644 106.9490 253.1823 13.19729620 17981
ONEWEB-0500             
1 54118U 22138F   23060.84889075  .00000132  00000+0  29843-3 0  9999
2 54118  87.9344 184.2763 0001683 107.9311 252.2005 13.19729254 18117
ONEWEB-0500             
1 54118U 22138F   23061.07634046  .00000147  00000+0  33504-3 0  9996
2 54118  87.9344 184.2314 0001689 107.8684 252.2633 13.19729370 19013
ONEWEB-0500             
1 54118U 22138F   23061.83450827 -.00000161  00000+0 -43415-3 0  9993
2 54118  87.9345 184.0818 0001683 108.2106 251.9210 13.19728244 18249
ONEWEB-0500             
1 54118U 22138F   23062.36522762 -.00000361  00000+0 -93482-3 0  9991
2 54118  87.9347 183.9772 0001707 107.3938 252.7382 13.19725948 18313
ONEWEB-0500             
1 54118U 22138F   23062.36522762 -.00000361  00000+0 -93482-3 0  9991
2 54118  87.9347 183.9772 0001707 107.3938 252.7382 13.19725948 19189
