ONEWEB-0192             
1 48222U 21031N   23059.07085665  .00000119  00000+0  28618-3 0  9999
2 48222  87.9134 169.3929 0001617 115.9554 244.1743 13.14504860 89864
ONEWEB-0192             
1 48222U 21031N   23059.37532676  .00000228  00000+0  58092-3 0  9991
2 48222  87.9134 169.3328 0001631 116.4342 243.6955 13.14505459 89891
ONEWEB-0192             
1 48222U 21031N   23059.83203358  .00000219  00000+0  55752-3 0  9994
2 48222  87.9132 169.2426 0001639 116.5844 243.5454 13.14504705 89956
ONEWEB-0192             
1 48222U 21031N   23060.36485618  .00000314  00000+0  81159-3 0  9991
2 48222  87.9133 169.1374 0001687 116.9374 243.1928 13.14505818 90021
ONEWEB-0192             
1 48222U 21031N   23060.36485618  .00000314  00000+0  81159-3 0  9991
2 48222  87.9133 169.1374 0001687 116.9374 243.1928 13.14505818 90032
ONEWEB-0192             
1 48222U 21031N   23061.81109162  .00000134  00000+0  32713-3 0  9991
2 48222  87.9133 168.8517 0001731 117.3047 242.8259 13.14505230 90210
ONEWEB-0192             
1 48222U 21031N   23061.81109162  .00000134  00000+0  32713-3 0  9991
2 48222  87.9133 168.8517 0001731 117.3047 242.8259 13.14505230 90221
ONEWEB-0192             
1 48222U 21031N   23062.34391402  .00000057  00000+0  12023-3 0  9996
2 48222  87.9134 168.7465 0001722 117.2714 242.8592 13.14505979 90289
