ONEWEB-0243             
1 48774U 21045H   23059.16391224 -.00000215  00000+0 -60398-3 0  9997
2 48774  87.9089 139.1109 0001223  99.3400 260.7869 13.15546452 85928
ONEWEB-0243             
1 48774U 21045H   23059.16391224 -.00000215  00000+0 -60398-3 0  9997
2 48774  87.9089 139.1109 0001223  99.3400 260.7869 13.15546452 87054
ONEWEB-0243             
1 48774U 21045H   23059.92448750  .00000071  00000+0  15528-3 0  9991
2 48774  87.9085 138.9601 0001203 100.5450 259.5815 13.15545640 86023
ONEWEB-0243             
1 48774U 21045H   23060.22871772  .00000049  00000+0  95696-4 0  9990
2 48774  87.9086 138.8996 0001223 100.4677 259.6591 13.15545844 87199
ONEWEB-0243             
1 48774U 21045H   23060.30477503 -.00000010  00000+0 -59359-4 0  9999
2 48774  87.9085 138.8845 0001228 100.0773 260.0495 13.15546417 86071
ONEWEB-0243             
1 48774U 21045H   23061.59775372  .00000134  00000+0  32081-3 0  9993
2 48774  87.9084 138.6280 0001227 101.1439 258.9830 13.15545729 86244
ONEWEB-0243             
1 48774U 21045H   23062.28227155  .00000062  00000+0  13046-3 0  9991
2 48774  87.9083 138.4923 0001246 101.8227 258.3043 13.15546147 86333
ONEWEB-0243             
1 48774U 21045H   23062.28227155  .00000062  00000+0  13046-3 0  9991
2 48774  87.9083 138.4923 0001246 101.8227 258.3043 13.15546147 87468
