ONEWEB-0242             
1 48772U 21045F   23059.14492002  .00000100  00000+0  23255-3 0  9991
2 48772  87.9089 139.1344 0001586  98.7230 261.4080 13.15547944 85989
ONEWEB-0242             
1 48772U 21045F   23059.75338033  .00000085  00000+0  19086-3 0  9990
2 48772  87.9088 139.0138 0001587  99.4056 260.7253 13.15547061 87192
ONEWEB-0242             
1 48772U 21045F   23060.59001171  .00000100  00000+0  23086-3 0  9997
2 48772  87.9086 138.8479 0001591 101.0489 259.0821 13.15547231 86178
ONEWEB-0242             
1 48772U 21045F   23061.12241247  .00000195  00000+0  48454-3 0  9997
2 48772  87.9085 138.7423 0001573 100.8590 259.2717 13.15548005 87374
ONEWEB-0242             
1 48772U 21045F   23061.65481421  .00000202  00000+0  50176-3 0  9998
2 48772  87.9084 138.6368 0001553  99.7224 260.4082 13.15547803 86315
ONEWEB-0242             
1 48772U 21045F   23062.18721624  .00000062  00000+0  13103-3 0  9992
2 48772  87.9084 138.5312 0001571  99.8838 260.2470 13.15547564 87511
ONEWEB-0242             
1 48772U 21045F   23062.26327337  .00000080  00000+0  17864-3 0  9992
2 48772  87.9084 138.5161 0001575 100.0907 260.0401 13.15547757 86390
ONEWEB-0242             
1 48772U 21045F   23062.64355934  .00000158  00000+0  38478-3 0  9998
2 48772  87.9083 138.4406 0001576 100.3142 259.8166 13.15548269 86444
