ONEWEB-0717             
1 55178U 23004AQ  23059.58334491 -.00048487  00000+0 -89835-2 0  9998
2 55178  86.6167 264.1547 0011655  54.9809 311.9707 14.65694922  1304
ONEWEB-0717             
1 55178U 23004AQ  23059.75001157 -.00125604  00000+0 -23529-1 0  9991
2 55178  86.6168 264.0850 0011586  54.2244 111.5612 14.65704321  7502
ONEWEB-0717             
1 55178U 23004AQ  23059.92343102  .00001081  00000+0  19439-3 0  9996
2 55178  86.6163 264.0140 0011717  53.4163 306.8126 14.65668429  7536
ONEWEB-0717             
1 55178U 23004AQ  23060.19654533 -.00002030  00000+0 -37807-3 0  9996
2 55178  86.6163 263.9013 0011600  52.7517 307.4753 14.65645009  7575
ONEWEB-0717             
1 55178U 23004AQ  23060.81098229  .00001440  00000+0  26043-3 0  9991
2 55178  86.6163 263.6476 0011638  50.5942 309.6300 14.65669939  7664
ONEWEB-0717             
1 55178U 23004AQ  23060.87925530  .00001573  00000+0  28492-3 0  9998
2 55178  86.6163 263.6194 0011628  50.3865 309.8373 14.65670108  7675
ONEWEB-0717             
1 55178U 23004AQ  23061.83507347  .00001496  00000+0  27072-3 0  9994
2 55178  86.6163 263.2248 0011570  47.7432 312.4760 14.65671338  7819
ONEWEB-0717             
1 55178U 23004AQ  23062.51780301  .00004264  00000+0  77957-3 0  9996
2 55178  86.6162 262.9430 0011439  45.8858 314.3294 14.65664002  7916
ONEWEB-0717             
1 55178U 23004AQ  23062.92743320  .00001593  00000+0  28853-3 0  9994
2 55178  86.6163 262.7738 0011471  44.5676 315.6458 14.65678493  7977
