ONEWEB-0335             
1 49201U 21083R   23059.38759676  .00000205  00000+0  52714-3 0  9998
2 49201  87.9078 199.6545 0001709 107.9132 252.2184 13.13471340 72769
ONEWEB-0335             
1 49201U 21083R   23059.38759676  .00000205  00000+0  52714-3 0  9998
2 49201  87.9078 199.6545 0001709 107.9132 252.2184 13.13471340 74053
ONEWEB-0335             
1 49201U 21083R   23059.92084022  .00000285  00000+0  74492-3 0  9999
2 49201  87.9080 199.5490 0001697 107.3430 252.7885 13.13471129 72837
ONEWEB-0335             
1 49201U 21083R   23060.45408272  .00000352  00000+0  92764-3 0  9993
2 49201  87.9081 199.4437 0001729 107.7525 252.3793 13.13471862 74192
ONEWEB-0335             
1 49201U 21083R   23060.91114854  .00000350  00000+0  92436-3 0  9998
2 49201  87.9083 199.3534 0001719 108.1172 252.0144 13.13471175 72960
ONEWEB-0335             
1 49201U 21083R   23061.82527844  .00000279  00000+0  72886-3 0  9993
2 49201  87.9084 199.1729 0001741 109.1434 250.9884 13.13471665 73088
ONEWEB-0335             
1 49201U 21083R   23061.82527844  .00000279  00000+0  72886-3 0  9993
2 49201  87.9084 199.1729 0001741 109.1434 250.9884 13.13471665 74371
ONEWEB-0335             
1 49201U 21083R   23062.43469708  .00000384  00000+0  10156-2 0  9993
2 49201  87.9083 199.0524 0001763 108.9971 251.1349 13.13472460 73168
ONEWEB-0335             
1 49201U 21083R   23062.89176207  .00000206  00000+0  52971-3 0  9997
2 49201  87.9083 198.9621 0001757 109.2509 250.8811 13.13472254 73226
