ONEWEB-0147             
1 47293U 20100AM  23059.52577641  .00000338  00000+0  90440-3 0  9997
2 47293  87.8938 229.9458 0001407 115.3146 244.8128 13.12443185106550
ONEWEB-0147             
1 47293U 20100AM  23059.90696173  .00000252  00000+0  66500-3 0  9996
2 47293  87.8940 229.8701 0001418 115.6397 244.4879 13.12443346106600
ONEWEB-0147             
1 47293U 20100AM  23059.98319896  .00000218  00000+0  57196-3 0  9991
2 47293  87.8940 229.8550 0001418 115.6992 244.4283 13.12443191106611
ONEWEB-0147             
1 47293U 20100AM  23060.89804335  .00000038  00000+0  69392-4 0  9992
2 47293  87.8941 229.6732 0001447 116.2654 243.8624 13.12443315106739
ONEWEB-0147             
1 47293U 20100AM  23061.73664975 -.00000043  00000+0 -15363-3 0  9996
2 47293  87.8942 229.5067 0001460 116.3079 243.8200 13.12443984106841
ONEWEB-0147             
1 47293U 20100AM  23062.42278322 -.00000171  00000+0 -51005-3 0  9995
2 47293  87.8943 229.3704 0001469 116.7871 243.3408 13.12443500106930
ONEWEB-0147             
1 47293U 20100AM  23062.88020585 -.00000336  00000+0 -97015-3 0  9995
2 47293  87.8945 229.2796 0001475 117.3797 242.7481 13.12443159106993
ONEWEB-0147             
1 47293U 20100AM  23062.95644244 -.00000328  00000+0 -94581-3 0  9993
2 47293  87.8945 229.2644 0001472 117.4847 242.6432 13.12443674107009
