ONEWEB-0135             
1 47281U 20100Z   23059.47070209  .00000368  00000+0  98803-3 0  9990
2 47281  87.8970 229.9661 0001437 105.3731 254.7556 13.12442688106711
ONEWEB-0135             
1 47281U 20100Z   23059.54693956  .00000324  00000+0  86578-3 0  9996
2 47281  87.8971 229.9510 0001441 105.4338 254.6950 13.12442642106722
ONEWEB-0135             
1 47281U 20100Z   23059.85188910  .00000313  00000+0  83360-3 0  9993
2 47281  87.8972 229.8905 0001447 105.5972 254.5316 13.12442447106763
ONEWEB-0135             
1 47281U 20100Z   23060.84297295  .00000461  00000+0  12474-2 0  9992
2 47281  87.8972 229.6939 0001466 105.9469 254.1821 13.12442848106890
ONEWEB-0135             
1 47281U 20100Z   23061.75781798  .00000522  00000+0  14142-2 0  9991
2 47281  87.8974 229.5124 0001495 106.3192 253.8101 13.12444138107013
ONEWEB-0135             
1 47281U 20100Z   23062.36771499  .00000437  00000+0  11805-2 0  9994
2 47281  87.8978 229.3915 0001491 106.8671 253.2621 13.12444145107093
ONEWEB-0135             
1 47281U 20100Z   23062.44395199  .00000427  00000+0  11513-2 0  9997
2 47281  87.8978 229.3764 0001506 106.8752 253.2542 13.12444259107102
ONEWEB-0135             
1 47281U 20100Z   23062.74889978 -.00000057  00000+0 -19490-3 0  9997
2 47281  87.8978 229.3159 0001664 103.2721 256.8593 13.12447022107142
