ONEWEB-0321             
1 49191U 21083F   23059.28539664 -.00000586  00000+0 -14730-2 0  9997
2 49191  87.9332 154.2583 0001362 103.1057 257.0229 13.20771386 77789
ONEWEB-0321             
1 49191U 21083F   23059.28539664 -.00000586  00000+0 -14730-2 0  9997
2 49191  87.9332 154.2583 0001362 103.1057 257.0229 13.20771386 79062
ONEWEB-0321             
1 49191U 21083F   23059.81569717 -.00000041  00000+0 -13329-3 0  9998
2 49191  87.9329 154.1533 0001382 103.3683 256.7604 13.20767761 77851
ONEWEB-0321             
1 49191U 21083F   23060.27023757  .00000130  00000+0  28819-3 0  9996
2 49191  87.9328 154.0636 0001379 103.5031 256.6256 13.20768866 77914
ONEWEB-0321             
1 49191U 21083F   23061.17932155 -.00000019  00000+0 -79358-4 0  9990
2 49191  87.9326 153.8837 0001397 103.8911 256.2377 13.20768352 79318
ONEWEB-0321             
1 49191U 21083F   23061.78537743 -.00000041  00000+0 -13189-3 0  9995
2 49191  87.9324 153.7635 0001380 102.4348 257.6940 13.20768341 78118
ONEWEB-0321             
1 49191U 21083F   23062.23991826  .00000084  00000+0  17490-3 0  9996
2 49191  87.9327 153.6737 0001361 103.3485 256.7800 13.20769119 78179
ONEWEB-0321             
1 49191U 21083F   23062.23991826  .00000084  00000+0  17490-3 0  9996
2 49191  87.9327 153.6737 0001361 103.3485 256.7800 13.20769119 79451
