ONEWEB-0452             
1 51644U 22012Y   23059.55304738  .00000050  00000+0  94731-4 0  9993
2 51644  87.9078 245.1737 0002016  78.2912 281.8445 13.17416072 55035
ONEWEB-0452             
1 51644U 22012Y   23059.55304738  .00000050  00000+0  94731-4 0  9993
2 51644  87.9078 245.1737 0002016  78.2912 281.8445 13.17416072 56339
ONEWEB-0452             
1 51644U 22012Y   23059.78089588  .00000091  00000+0  20121-3 0  9997
2 51644  87.9079 245.1284 0002022  78.1546 281.9812 13.17416319 55068
ONEWEB-0452             
1 51644U 22012Y   23060.76824082  .00000052  00000+0  10100-3 0  9996
2 51644  87.9080 244.9318 0001985  77.7418 282.3936 13.17416254 55199
ONEWEB-0452             
1 51644U 22012Y   23060.76824082  .00000052  00000+0  10100-3 0  9996
2 51644  87.9080 244.9318 0001985  77.7418 282.3936 13.17416254 56493
ONEWEB-0452             
1 51644U 22012Y   23061.75558496  .00000073  00000+0  15436-3 0  9999
2 51644  87.9081 244.7352 0001966  77.3277 282.8074 13.17416821 55327
ONEWEB-0452             
1 51644U 22012Y   23062.21128217  .00000121  00000+0  28018-3 0  9999
2 51644  87.9082 244.6445 0001949  77.1126 283.0223 13.17417045 56680
ONEWEB-0452             
1 51644U 22012Y   23062.51508048  .00000127  00000+0  29582-3 0  9999
2 51644  87.9083 244.5841 0001946  77.0108 283.1241 13.17417040 55423
ONEWEB-0452             
1 51644U 22012Y   23062.89482917  .00000003  00000+0 -26206-4 0  9991
2 51644  87.9083 244.5085 0001927  76.8607 283.2739 13.17416360 55475
