ONEWEB-0341             
1 49207U 21083X   23059.45088506  .00000051  00000+0  97226-4 0  9996
2 49207  87.9226 214.7570 0001951 127.6925 232.4384 13.18685223 71218
ONEWEB-0341             
1 49207U 21083X   23059.67851502  .00000033  00000+0  51986-4 0  9997
2 49207  87.9226 214.7120 0001962 127.6794 232.4516 13.18684960 72535
ONEWEB-0341             
1 49207U 21083X   23059.83026793  .00000056  00000+0  11022-3 0  9992
2 49207  87.9226 214.6819 0001976 127.4441 232.6871 13.18685227 71263
ONEWEB-0341             
1 49207U 21083X   23060.89253955 -.00000011  00000+0 -61869-4 0  9990
2 49207  87.9228 214.4716 0002023 126.5342 233.5977 13.18685418 71408
ONEWEB-0341             
1 49207U 21083X   23061.12016897  .00000072  00000+0  15003-3 0  9992
2 49207  87.9229 214.4265 0002022 126.4212 233.7107 13.18685371 72723
ONEWEB-0341             
1 49207U 21083X   23061.80305812 -.00000044  00000+0 -14485-3 0  9999
2 49207  87.9233 214.2913 0002027 126.4347 233.6972 13.18685218 71526
ONEWEB-0341             
1 49207U 21083X   23062.41006939  .00000074  00000+0  15432-3 0  9999
2 49207  87.9234 214.1710 0002027 125.5668 234.5654 13.18686106 72892
ONEWEB-0341             
1 49207U 21083X   23062.48594616  .00000044  00000+0  78773-4 0  9995
2 49207  87.9234 214.1560 0002030 125.5603 234.5718 13.18685857 71610
ONEWEB-0341             
1 49207U 21083X   23062.86532920 -.00000029  00000+0 -10586-3 0  9999
2 49207  87.9235 214.0808 0002041 125.7250 234.4072 13.18685606 71666
