ONEWEB-0719             
1 55179U 23004AR  23059.58334491 -.00005752  00000+0 -10638-2 0  9992
2 55179  86.6197 264.1426 0013221  54.0946  34.0373 14.65635585  1300
ONEWEB-0719             
1 55179U 23004AR  23059.97630512  .00001417  00000+0  25646-3 0  9996
2 55179  86.6193 263.9803 0013235  52.5822 307.6593 14.65617114  7546
ONEWEB-0719             
1 55179U 23004AR  23060.86388203  .00001611  00000+0  29212-3 0  9992
2 55179  86.6193 263.6143 0013163  49.5975 310.6385 14.65620408  7672
ONEWEB-0719             
1 55179U 23004AR  23061.81969988 -.00020813  00000+0 -38393-2 0  9999
2 55179  86.6193 263.2200 0012543  43.7766 316.4440 14.65726570  7816
ONEWEB-0719             
1 55179U 23004AR  23062.50248039  .00001178  00000+0  21244-3 0  9992
2 55179  86.6192 262.9384 0012985  44.9458 315.2805 14.65631970  7917
ONEWEB-0719             
1 55179U 23004AR  23062.91212602  .00001279  00000+0  23096-3 0  9993
2 55179  86.6192 262.7694 0012944  43.6975 316.5261 14.65633731  7977
