ONEWEB-0586             
1 54653U 22166M   23059.58334491 -.00991632  00000+0 -67837+0 0  9997
2 54653  87.1807 125.7709 0007267 356.9642 315.5964 14.02972061  1303
ONEWEB-0586             
1 54653U 22166M   23059.91667824 -.01051110  00000+0 -73067+0 0  9994
2 54653  87.1874 125.6681 0007261 357.9570 196.7152 14.02271554  1307
ONEWEB-0586             
1 54653U 22166M   23060.25001157 -.01073564  00000+0 -75673+0 0  9996
2 54653  87.1937 125.5647 0007374 355.2750  80.6267 14.01564691 12760
ONEWEB-0586             
1 54653U 22166M   23060.91667824 -.01049896  00000+0 -75873+0 0  9991
2 54653  87.2064 125.3594 0007122 355.2256 200.5520 14.00083304 12865
ONEWEB-0586             
1 54653U 22166M   23061.00001157 -.01002082  00000+0 -72481+0 0  9991
2 54653  87.2080 125.3340 0007004 354.3642 261.1571 13.99876322  1303
ONEWEB-0586             
1 54653U 22166M   23061.83334491 -.01085213  00000+0 -81386+0 0  9993
2 54653  87.2235 125.0790 0007184 352.3804 137.4990 13.98103005  1308
ONEWEB-0586             
1 54653U 22166M   23062.50001157 -.01004860  00000+0 -77016+0 0  9992
2 54653  87.2364 124.8762 0006910 349.1384 252.3295 13.96602490 13083
ONEWEB-0586             
1 54653U 22166M   23062.58334491 -.00993731  00000+0 -76358+0 0  9991
2 54653  87.2378 124.8510 0006911 348.1855 311.9805 13.96420122  1303
ONEWEB-0586             
1 54653U 22166M   23062.91667824 -.01043467  00000+0 -81415+0 0  9990
2 54653  87.2440 124.7513 0006931 348.7853 185.6391 13.95712320  1300
