ONEWEB-0573             
1 55152U 23004N   23059.28623118 -.00007388  00000+0 -13667-2 0  9999
2 55152  86.6211 264.2673 0014324  54.8252 305.4301 14.65588738  7440
ONEWEB-0573             
1 55152U 23004N   23059.55927734  .00001424  00000+0  25748-3 0  9997
2 55152  86.6211 264.1547 0014500  54.4461 305.8102 14.65651905  7487
ONEWEB-0573             
1 55152U 23004N   23059.62755281  .00001207  00000+0  21750-3 0  9999
2 55152  86.6211 264.1266 0014500  54.2652 305.9908 14.65650050  7491
ONEWEB-0573             
1 55152U 23004N   23059.83237438  .00001173  00000+0  21131-3 0  9996
2 55152  86.6211 264.0421 0014460  53.7953 306.4595 14.65649957  7522
ONEWEB-0573             
1 55152U 23004N   23060.78820526  .00001375  00000+0  24844-3 0  9996
2 55152  86.6211 263.6482 0014386  50.9070 309.3420 14.65652289  7666
ONEWEB-0573             
1 55152U 23004N   23060.92475242  .00001452  00000+0  26263-3 0  9996
2 55152  86.6212 263.5919 0014375  50.5049 309.7433 14.65652359  7689
ONEWEB-0573             
1 55152U 23004N   23061.81232013  .00007673  00000+0  14061-2 0  9995
2 55152  86.6211 263.2259 0014160  47.2041 313.0361 14.65630249  7816
ONEWEB-0573             
1 55152U 23004N   23062.56331347  .00001145  00000+0  20610-3 0  9994
2 55152  86.6211 262.9163 0014233  45.5989 314.6387 14.65663634  7920
ONEWEB-0573             
1 55152U 23004N   23062.90467815  .00001226  00000+0  22094-3 0  9990
2 55152  86.6211 262.7756 0014208  44.5349 315.7003 14.65664354  7979
