ONEWEB-0352             
1 49216U 21083AG  23059.42781021 -.00000034  00000+0 -12776-3 0  9994
2 49216  87.9082 199.6496 0001218 114.3491 245.7765 13.13469217 72874
ONEWEB-0352             
1 49216U 21083AG  23059.58016453  .00000005  00000+0 -21452-4 0  9990
2 49216  87.9083 199.6194 0001243 114.5783 245.5476 13.13470018 74199
ONEWEB-0352             
1 49216U 21083AG  23059.88487546 -.00000184  00000+0 -53820-3 0  9990
2 49216  87.9083 199.5592 0001256 114.6299 245.4961 13.13469456 72939
ONEWEB-0352             
1 49216U 21083AG  23060.87518360 -.00000257  00000+0 -73929-3 0  9993
2 49216  87.9083 199.3637 0001293 115.7686 244.3577 13.13469338 73065
ONEWEB-0352             
1 49216U 21083AG  23061.10371556 -.00000162  00000+0 -47725-3 0  9994
2 49216  87.9084 199.3183 0001301 116.3947 243.7316 13.13469962 74393
ONEWEB-0352             
1 49216U 21083AG  23061.78931521 -.00000365  00000+0 -10333-2 0  9991
2 49216  87.9087 199.1829 0001321 116.9057 243.2207 13.13468997 73188
ONEWEB-0352             
1 49216U 21083AG  23062.39873546 -.00000152  00000+0 -45243-3 0  9994
2 49216  87.9089 199.0625 0001334 117.6394 242.4870 13.13469488 73261
ONEWEB-0352             
1 49216U 21083AG  23062.39873546 -.00000152  00000+0 -45243-3 0  9994
2 49216  87.9089 199.0625 0001334 117.6394 242.4870 13.13469488 74565
ONEWEB-0352             
1 49216U 21083AG  23062.85580256 -.00000294  00000+0 -83981-3 0  9996
2 49216  87.9091 198.9721 0001336 118.3395 241.7869 13.13468842 73320
