ONEWEB-0066             
1 45424U 20020A   23059.57161005 -.00000347  00000+0 -10158-2 0  9999
2 45424  87.8806 260.3785 0001045  99.2164 260.9082 13.11415048144790
ONEWEB-0066             
1 45424U 20020A   23059.80050063 -.00000264  00000+0 -78135-3 0  9994
2 45424  87.8807 260.3328 0001024  96.7593 263.3651 13.11415302144836
ONEWEB-0066             
1 45424U 20020A   23060.79236153 -.00000052  00000+0 -18144-3 0  9999
2 45424  87.8805 260.1346 0001036  99.3433 260.7812 13.11415120144958
ONEWEB-0066             
1 45424U 20020A   23061.09755023 -.00000069  00000+0 -22923-3 0  9993
2 45424  87.8806 260.0738 0001007  99.9151 260.2091 13.11414723145003
ONEWEB-0066             
1 45424U 20020A   23061.78422288  .00000138  00000+0  35413-3 0  9996
2 45424  87.8806 259.9366 0001034 101.4725 258.6519 13.11415110145088
ONEWEB-0066             
1 45424U 20020A   23062.47089642  .00000282  00000+0  75970-3 0  9998
2 45424  87.8806 259.7995 0001046 102.6824 257.4421 13.11414720145175
ONEWEB-0066             
1 45424U 20020A   23062.47089642  .00000282  00000+0  75970-3 0  9998
2 45424  87.8806 259.7995 0001046 102.6824 257.4421 13.11414720145186
ONEWEB-0066             
1 45424U 20020A   23062.77608342  .00000376  00000+0  10254-2 0  9992
2 45424  87.8807 259.7386 0001050 103.0314 257.0932 13.11415880145210
