ONEWEB-0212             
1 48791U 21045AA  23059.23787061 -.00000068  00000+0 -21466-3 0  9991
2 48791  87.9169 139.0986 0002171 106.8815 253.2553 13.15547816 86007
ONEWEB-0212             
1 48791U 21045AA  23059.92238585  .00000049  00000+0  96915-4 0  9998
2 48791  87.9166 138.9634 0002162 106.3268 253.8100 13.15549260 86097
ONEWEB-0212             
1 48791U 21045AA  23060.91113289  .00000074  00000+0  16302-3 0  9991
2 48791  87.9167 138.7682 0002202 105.6521 254.4852 13.15548143 86223
ONEWEB-0212             
1 48791U 21045AA  23061.13930478  .00000126  00000+0  30169-3 0  9998
2 48791  87.9166 138.7231 0002200 105.6332 254.5041 13.15548429 87397
ONEWEB-0212             
1 48791U 21045AA  23061.59564991  .00000036  00000+0  60620-4 0  9997
2 48791  87.9164 138.6329 0002172 104.7998 255.3373 13.15547951 86315
ONEWEB-0212             
1 48791U 21045AA  23062.28016509  .00000146  00000+0  35360-3 0  9995
2 48791  87.9164 138.4977 0002185 104.7450 255.3922 13.15549146 86407
ONEWEB-0212             
1 48791U 21045AA  23062.28016509  .00000146  00000+0  35360-3 0  9995
2 48791  87.9164 138.4977 0002185 104.7450 255.3922 13.15549146 87543
