ONEWEB-0385             
1 49311U 21090AJ  23059.15681607 -.00000020  00000+0 -81266-4 0  9993
2 49311  87.9330 154.2834 0002132  94.4774 265.6603 13.20771836 72050
ONEWEB-0385             
1 49311U 21090AJ  23059.30832924  .00000023  00000+0  25115-4 0  9992
2 49311  87.9331 154.2534 0002131  94.4418 265.6959 13.20772234 70754
ONEWEB-0385             
1 49311U 21090AJ  23059.76287025  .00000063  00000+0  12317-3 0  9991
2 49311  87.9332 154.1634 0002121  94.8346 265.3030 13.20771901 70812
ONEWEB-0385             
1 49311U 21090AJ  23060.21741031  .00000131  00000+0  28997-3 0  9992
2 49311  87.9330 154.0732 0002137  95.6164 264.5213 13.20772560 72191
ONEWEB-0385             
1 49311U 21090AJ  23060.29316734  .00000080  00000+0  16373-3 0  9996
2 49311  87.9329 154.0583 0002137  95.3579 264.7798 13.20772391 70886
ONEWEB-0385             
1 49311U 21090AJ  23061.80830355 -.00000016  00000+0 -71720-4 0  9993
2 49311  87.9325 153.7583 0002142  94.7857 265.3521 13.20771790 71082
ONEWEB-0385             
1 49311U 21090AJ  23062.26284226  .00000180  00000+0  41177-3 0  9996
2 49311  87.9321 153.6681 0002136  94.3098 265.8279 13.20773224 71148
ONEWEB-0385             
1 49311U 21090AJ  23062.26284226  .00000180  00000+0  41177-3 0  9996
2 49311  87.9321 153.6681 0002136  94.3098 265.8279 13.20773224 72464
ONEWEB-0385             
1 49311U 21090AJ  23062.64162654  .00000042  00000+0  70976-4 0  9995
2 49311  87.9319 153.5928 0002134  93.8038 266.3339 13.20772687 71194
