ONEWEB-0569             
1 55148U 23004J   23059.55821951  .00004061  00000+0  74230-3 0  9996
2 55148  86.6203 264.1427 0014498  52.2093 308.0431 14.65640283  7480
ONEWEB-0569             
1 55148U 23004J   23059.62649314  .00004066  00000+0  74313-3 0  9992
2 55148  86.6203 264.1144 0014488  52.1103 308.1418 14.65640959  7493
ONEWEB-0569             
1 55148U 23004J   23059.83131430  .00003926  00000+0  71735-3 0  9999
2 55148  86.6203 264.0300 0014476  51.3923 308.8584 14.65642308  7529
ONEWEB-0569             
1 55148U 23004J   23060.17267766  .00001097  00000+0  19729-3 0  9992
2 55148  86.6203 263.8892 0014371  50.3616 309.8863 14.65656668  7574
ONEWEB-0569             
1 55148U 23004J   23060.92368309  .00001056  00000+0  18982-3 0  9995
2 55148  86.6203 263.5795 0014304  48.0754 312.1677 14.65657821  7680
ONEWEB-0569             
1 55148U 23004J   23061.81123299  .00001140  00000+0  20529-3 0  9995
2 55148  86.6203 263.2135 0014229  45.3352 314.9019 14.65660486  7811
ONEWEB-0569             
1 55148U 23004J   23062.56223515  .00001239  00000+0  22336-3 0  9997
2 55148  86.6202 262.9038 0014153  43.0703 317.1616 14.65663552  7926
ONEWEB-0569             
1 55148U 23004J   23062.90359950  .00001408  00000+0  25440-3 0  9995
2 55148  86.6203 262.7631 0014123  42.0194 318.2100 14.65664642  7970
