ONEWEB-0098             
1 45442U 20020U   23059.54471746  .00000646  00000+0  17867-2 0  9996
2 45442  87.8806 260.3824 0001298  93.5100 266.6177 13.11416300144757
ONEWEB-0098             
1 45442U 20020U   23059.92620127  .00000618  00000+0  17067-2 0  9998
2 45442  87.8807 260.3063 0001290  93.6718 266.4557 13.11416896144807
ONEWEB-0098             
1 45442U 20020U   23060.07879518  .00000554  00000+0  15262-2 0  9990
2 45442  87.8806 260.2758 0001282  93.7525 266.3750 13.11416749144827
ONEWEB-0098             
1 45442U 20020U   23060.84176118  .00000658  00000+0  18193-2 0  9992
2 45442  87.8808 260.1236 0001287  93.9442 266.1833 13.11418267144922
ONEWEB-0098             
1 45442U 20020U   23061.60472881  .00000397  00000+0  10839-2 0  9992
2 45442  87.8810 259.9713 0001232  94.2375 265.8893 13.11418021145022
ONEWEB-0098             
1 45442U 20020U   23062.44399092  .00000323  00000+0  87598-3 0  9993
2 45442  87.8814 259.8040 0001242  95.2383 264.8887 13.11418487145139
ONEWEB-0098             
1 45442U 20020U   23062.82547382  .00000196  00000+0  51647-3 0  9996
2 45442  87.8815 259.7279 0001244  95.9402 264.1868 13.11418623145183
