ONEWEB-0258             
1 48976U 21060K   23059.09707495 -.00000049  00000+0 -16156-3 0  9999
2 48976  87.8999 108.7907 0001840 104.9975 255.1360 13.16595851 82305
ONEWEB-0258             
1 48976U 21060K   23059.55305868 -.00000435  00000+0 -11725-2 0  9993
2 48976  87.8998 108.6997 0001819 104.6150 255.5182 13.16594095 81089
ONEWEB-0258             
1 48976U 21060K   23059.85704658 -.00000330  00000+0 -89694-3 0  9991
2 48976  87.8997 108.6393 0001818 103.4516 256.6818 13.16593778 81120
ONEWEB-0258             
1 48976U 21060K   23060.16103493 -.00000376  00000+0 -10177-2 0  9996
2 48976  87.9000 108.5788 0001837 102.8652 257.2684 13.16593617 82444
ONEWEB-0258             
1 48976U 21060K   23060.84500848 -.00000261  00000+0 -71595-3 0  9991
2 48976  87.8998 108.4421 0001853 102.1016 258.0322 13.16592876 81259
ONEWEB-0258             
1 48976U 21060K   23061.60497961 -.00000014  00000+0 -69534-4 0  9994
2 48976  87.8996 108.2903 0001861 102.0627 258.0712 13.16591735 81353
ONEWEB-0258             
1 48976U 21060K   23062.21295632  .00000027  00000+0  38212-4 0  9994
2 48976  87.8995 108.1687 0001861 101.7205 258.4134 13.16592112 81439
ONEWEB-0258             
1 48976U 21060K   23062.21295632  .00000027  00000+0  38212-4 0  9994
2 48976  87.8995 108.1687 0001861 101.7205 258.4134 13.16592112 82711
ONEWEB-0258             
1 48976U 21060K   23062.82093387  .00000013  00000+0  33809-6 0  9998
2 48976  87.8994 108.0475 0001863 101.5225 258.6115 13.16591618 81514
