ONEWEB-0295             
1 49084U 21075K   23059.23426017  .00000134  00000+0  31157-3 0  9991
2 49084  87.9082 245.1835 0002188 106.4620 253.6752 13.17663178 75877
ONEWEB-0295             
1 49084U 21075K   23059.53800217  .00000038  00000+0  65663-4 0  9995
2 49084  87.9079 245.1228 0002222 106.0706 254.0670 13.17662966 74955
ONEWEB-0295             
1 49084U 21075K   23059.91767895  .00000030  00000+0  43393-4 0  9999
2 49084  87.9079 245.0471 0002234 105.6954 254.4424 13.17663271 75005
ONEWEB-0295             
1 49084U 21075K   23060.44922622  .00000086  00000+0  18760-3 0  9990
2 49084  87.9079 244.9411 0002243 105.4299 254.7080 13.17663614 76033
ONEWEB-0295             
1 49084U 21075K   23060.90483924 -.00000065  00000+0 -20017-3 0  9995
2 49084  87.9080 244.8504 0002227 105.2740 254.8637 13.17663041 75131
ONEWEB-0295             
1 49084U 21075K   23061.74012847 -.00000015  00000+0 -72564-4 0  9990
2 49084  87.9081 244.6840 0002246 104.7657 255.3724 13.17662533 75245
ONEWEB-0295             
1 49084U 21075K   23062.49947946  .00000257  00000+0  62814-3 0  9992
2 49084  87.9082 244.5328 0002263 104.3977 255.7405 13.17664929 76305
ONEWEB-0295             
1 49084U 21075K   23062.87915938  .00000197  00000+0  47287-3 0  9990
2 49084  87.9084 244.4572 0002632 106.3269 253.8152 13.17661003 75399
