ONEWEB-0529             
1 54145U 22138AJ  23059.39364069 -.00000013  00000+0 -65567-4 0  9992
2 54145  87.9301 184.5502 0001073 106.9450 253.1800 13.19725858 17916
ONEWEB-0529             
1 54145U 22138AJ  23059.84854148  .00000057  00000+0  10971-3 0  9998
2 54145  87.9303 184.4602 0001075 107.9292 252.1958 13.19725784 18849
ONEWEB-0529             
1 54145U 22138AJ  23060.90997645  .00000103  00000+0  22410-3 0  9990
2 54145  87.9301 184.2503 0001111 110.5303 249.5949 13.19725769 18112
ONEWEB-0529             
1 54145U 22138AJ  23061.81977779  .00000016  00000+0  70270-5 0  9999
2 54145  87.9300 184.0700 0001135 112.7077 247.4175 13.19725979 18230
ONEWEB-0529             
1 54145U 22138AJ  23062.35049422  .00000149  00000+0  33980-3 0  9996
2 54145  87.9294 183.9641 0001192 115.1588 244.9668 13.19726537 18309
ONEWEB-0529             
1 54145U 22138AJ  23062.35049422  .00000149  00000+0  33980-3 0  9996
2 54145  87.9294 183.9641 0001192 115.1588 244.9668 13.19726537 19175
ONEWEB-0529             
1 54145U 22138AJ  23062.88121183  .00000076  00000+0  15751-3 0  9994
2 54145  87.9297 183.8595 0001117 113.4952 246.6298 13.19726162 18371
