ONEWEB-0170             
1 48067U 21025AB  23059.10298056 -.00000314  00000+0 -89525-3 0  9996
2 48067  87.9071 199.7078 0000738 104.1292 255.9919 13.13472964 95359
ONEWEB-0170             
1 48067U 21025AB  23059.40769173 -.00000384  00000+0 -10871-2 0  9996
2 48067  87.9072 199.6474 0000752 105.0561 255.0652 13.13471559 95392
ONEWEB-0170             
1 48067U 21025AB  23059.86475952 -.00000578  00000+0 -16186-2 0  9995
2 48067  87.9074 199.5571 0000733 106.6758 253.4452 13.13469443 95451
ONEWEB-0170             
1 48067U 21025AB  23060.39800325 -.00000440  00000+0 -12394-2 0  9996
2 48067  87.9075 199.4518 0000750 108.0247 252.0964 13.13469179 95527
ONEWEB-0170             
1 48067U 21025AB  23060.85506978 -.00000427  00000+0 -12051-2 0  9999
2 48067  87.9078 199.3615 0000754 108.8087 251.3124 13.13469234 95589
ONEWEB-0170             
1 48067U 21025AB  23061.38831428 -.00000203  00000+0 -59199-3 0  9996
2 48067  87.9078 199.2562 0000758 109.9708 250.1503 13.13468509 95655
ONEWEB-0170             
1 48067U 21025AB  23062.37862603  .00000249  00000+0  64631-3 0  9990
2 48067  87.9078 199.0604 0000764 110.4503 249.6708 13.13467732 95788
ONEWEB-0170             
1 48067U 21025AB  23062.45480351 -.00000858  00000+0 -23854-2 0  9994
2 48067  87.9076 199.0451 0000888 101.3486 258.7743 13.13472646 95793
ONEWEB-0170             
1 48067U 21025AB  23062.83569315  .00000004  00000+0 -23396-4 0  9999
2 48067  87.9079 198.9701 0000716 114.6908 245.4296 13.13468391 95842
