ONEWEB-0326             
1 49195U 21083K   23059.46352818  .00000033  00000+0  51270-4 0  9992
2 49195  87.9229 214.8122 0002299  94.9060 265.2334 13.18683853 71220
ONEWEB-0326             
1 49195U 21083K   23059.46352818  .00000033  00000+0  51270-4 0  9992
2 49195  87.9229 214.8122 0002299  94.9060 265.2334 13.18683853 72502
ONEWEB-0326             
1 49195U 21083K   23059.91878758  .00000091  00000+0  19926-3 0  9993
2 49195  87.9230 214.7220 0002305  94.6759 265.4636 13.18684301 71282
ONEWEB-0326             
1 49195U 21083K   23060.82930768  .00000011  00000+0 -41338-5 0  9992
2 49195  87.9232 214.5418 0002308  94.2392 265.9004 13.18683757 72686
ONEWEB-0326             
1 49195U 21083K   23060.90518392  .00000006  00000+0 -17912-4 0  9990
2 49195  87.9234 214.5268 0002311  94.1959 265.9437 13.18684304 71412
ONEWEB-0326             
1 49195U 21083K   23061.81570380 -.00000087  00000+0 -25445-3 0  9995
2 49195  87.9234 214.3465 0002275  93.4662 266.6731 13.18683709 71537
ONEWEB-0326             
1 49195U 21083K   23062.34683813  .00000118  00000+0  26582-3 0  9996
2 49195  87.9235 214.2413 0002255  93.1182 267.0208 13.18685105 72887
ONEWEB-0326             
1 49195U 21083K   23062.42271482  .00000107  00000+0  23920-3 0  9991
2 49195  87.9235 214.2263 0002267  93.0550 267.0841 13.18685026 71616
ONEWEB-0326             
1 49195U 21083K   23062.87797504 -.00000031  00000+0 -11184-3 0  9995
2 49195  87.9236 214.1361 0002244  92.6475 267.4914 13.18684519 71678
