ONEWEB-0293             
1 49082U 21075H   23059.00458402  .00000041  00000+0  72960-4 0  9992
2 49082  87.9076 245.2686 0001706 107.5589 252.5729 13.17694505 75908
ONEWEB-0293             
1 49082U 21075H   23059.53611954  .00000027  00000+0  35268-4 0  9997
2 49082  87.9076 245.1626 0001725 107.3650 252.7670 13.17694178 74990
ONEWEB-0293             
1 49082U 21075H   23059.91578751  .00000015  00000+0  42635-5 0  9990
2 49082  87.9074 245.0870 0001748 107.5320 252.6003 13.17694244 75049
ONEWEB-0293             
1 49082U 21075H   23060.21952130  .00000066  00000+0  13666-3 0  9998
2 49082  87.9075 245.0265 0001755 107.5584 252.5740 13.17694783 76066
ONEWEB-0293             
1 49082U 21075H   23060.90292417  .00000006  00000+0 -17424-4 0  9991
2 49082  87.9078 244.8904 0001767 107.5248 252.6077 13.17694035 75171
ONEWEB-0293             
1 49082U 21075H   23061.73819294  .00000018  00000+0  12790-4 0  9994
2 49082  87.9077 244.7239 0001761 107.5039 252.6285 13.17694637 75283
ONEWEB-0293             
1 49082U 21075H   23062.42159480  .00000056  00000+0  10994-3 0  9990
2 49082  87.9078 244.5877 0001767 107.5500 252.5825 13.17694668 75372
ONEWEB-0293             
1 49082U 21075H   23062.42159480  .00000056  00000+0  10994-3 0  9990
2 49082  87.9078 244.5877 0001767 107.5500 252.5825 13.17694668 76351
ONEWEB-0293             
1 49082U 21075H   23062.87719662 -.00000056  00000+0 -17843-3 0  9995
2 49082  87.9079 244.4970 0001753 107.7979 252.3344 13.17694441 75433
