ONEWEB-0540             
1 54645U 22166D   23059.58334491 -.00929965  00000+0 -60527+0 0  9997
2 54645  87.1941 125.7336 0007100 346.4638  44.0892 14.05544215  1307
ONEWEB-0540             
1 54645U 22166D   23059.91667824 -.00988053  00000+0 -65300+0 0  9990
2 54645  87.2008 125.6311 0006828 346.6322 289.1405 14.04886143  1302
ONEWEB-0540             
1 54645U 22166D   23060.25001157 -.01013285  00000+0 -67868+0 0  9998
2 54645  87.2074 125.5274 0006910 345.9454 174.2177 14.04225514 12763
ONEWEB-0540             
1 54645U 22166D   23060.91667824 -.00986313  00000+0 -67622+0 0  9998
2 54645  87.2210 125.3225 0006718 343.4239 303.1010 14.02833045 12861
ONEWEB-0540             
1 54645U 22166D   23061.00001157 -.00940923  00000+0 -64561+0 0  9996
2 54645  87.2227 125.2968 0006774 342.2179   4.8765 14.02638815  1301
ONEWEB-0540             
1 54645U 22166D   23061.83334491 -.01026467  00000+0 -72909+0 0  9991
2 54645  87.2395 125.0422 0006595 341.5286 248.3723 14.00981268  1302
ONEWEB-0540             
1 54645U 22166D   23062.41667824 -.01013938  00000+0 -73544+0 0  9990
2 54645  87.2507 124.8647 0006567 337.8736 310.9715 13.99758990 13075
ONEWEB-0540             
1 54645U 22166D   23062.58334491 -.00957298  00000+0 -69666+0 0  9994
2 54645  87.2541 124.8142 0006795 337.7855  70.2920 13.99384288  1309
ONEWEB-0540             
1 54645U 22166D   23062.91667824 -.01006058  00000+0 -74315+0 0  9997
2 54645  87.2605 124.7149 0006487 337.2795 308.6246 13.98702513  1305
