ONEWEB-0181             
1 48230U 21031W   23059.30133338  .00000184  00000+0  46119-3 0  9993
2 48230  87.9134 169.4236 0001632 113.1057 247.0245 13.14504578 89944
ONEWEB-0181             
1 48230U 21031W   23059.83415833  .00000114  00000+0  27364-3 0  9998
2 48230  87.9134 169.3183 0001644 113.0614 247.0690 13.14504157 90012
ONEWEB-0181             
1 48230U 21031W   23060.06251079  .00000311  00000+0  80553-3 0  9993
2 48230  87.9135 169.2734 0001643 113.9949 246.1352 13.14504394 90055
ONEWEB-0181             
1 48230U 21031W   23060.36698174  .00000224  00000+0  56864-3 0  9998
2 48230  87.9134 169.2132 0001678 114.1044 246.0262 13.14504630 90088
ONEWEB-0181             
1 48230U 21031W   23061.81321767  .00000160  00000+0  39832-3 0  9995
2 48230  87.9135 168.9278 0001679 113.3367 246.7939 13.14504690 90271
ONEWEB-0181             
1 48230U 21031W   23061.81321767  .00000160  00000+0  39832-3 0  9995
2 48230  87.9135 168.9278 0001679 113.3367 246.7939 13.14504690 90282
ONEWEB-0181             
1 48230U 21031W   23062.34604066  .00000519  00000+0  13657-2 0  9994
2 48230  87.9131 168.8217 0001673 111.5127 248.6182 13.14503120 90343
