ONEWEB-0095             
1 45436U 20020N   23059.55198266  .00000492  00000+0  13519-2 0  9992
2 45436  87.8807 260.4006 0001916  86.5655 273.5692 13.11415514144786
ONEWEB-0095             
1 45436U 20020N   23059.55198266  .00000492  00000+0  13519-2 0  9992
2 45436  87.8807 260.4006 0001916  86.5655 273.5692 13.11415514144797
ONEWEB-0095             
1 45436U 20020N   23059.78087302  .00000514  00000+0  14143-2 0  9994
2 45436  87.8807 260.3549 0001912  86.4799 273.6547 13.11416162144815
ONEWEB-0095             
1 45436U 20020N   23060.84902938  .00000581  00000+0  16042-2 0  9998
2 45436  87.8807 260.1417 0001919  86.3034 273.8313 13.11416507144956
ONEWEB-0095             
1 45436U 20020N   23060.84902938  .00000581  00000+0  16042-2 0  9998
2 45436  87.8807 260.1417 0001919  86.3034 273.8313 13.11416507144967
ONEWEB-0095             
1 45436U 20020N   23061.61199664  .00000594  00000+0  16395-2 0  9993
2 45436  87.8808 259.9894 0001904  85.7199 274.4146 13.11417594145051
ONEWEB-0095             
1 45436U 20020N   23062.06977698  .00000552  00000+0  15219-2 0  9992
2 45436  87.8808 259.8980 0001906  85.7447 274.3898 13.11417760145120
ONEWEB-0095             
1 45436U 20020N   23062.45126025  .00000536  00000+0  14763-2 0  9990
2 45436  87.8808 259.8219 0001906  85.5178 274.6167 13.11418104145163
ONEWEB-0095             
1 45436U 20020N   23062.83274337  .00000510  00000+0  14042-2 0  9994
2 45436  87.8809 259.7458 0001899  85.3685 274.7660 13.11418297145218
