ONEWEB-0315             
1 49101U 21075AC  23059.50777692 -.00000213  00000+0 -62712-3 0  9990
2 49101  87.8935 229.9673 0001526  83.0253 277.1049 13.12445843 77155
ONEWEB-0315             
1 49101U 21075AC  23059.50777692 -.00000213  00000+0 -62712-3 0  9990
2 49101  87.8935 229.9673 0001526  83.0253 277.1049 13.12445843 78156
ONEWEB-0315             
1 49101U 21075AC  23059.88896115 -.00000271  00000+0 -78877-3 0  9996
2 49101  87.8937 229.8916 0001518  83.3572 276.7729 13.12446154 77206
ONEWEB-0315             
1 49101U 21075AC  23060.72756747 -.00000355  00000+0 -10214-2 0  9990
2 49101  87.8937 229.7249 0001504  83.3660 276.7639 13.12445909 78317
ONEWEB-0315             
1 49101U 21075AC  23060.88004226 -.00000428  00000+0 -12248-2 0  9995
2 49101  87.8937 229.6946 0001492  83.6127 276.5172 13.12445002 77332
ONEWEB-0315             
1 49101U 21075AC  23061.71864878 -.00000324  00000+0 -93727-3 0  9992
2 49101  87.8939 229.5279 0001472  83.7618 276.3678 13.12445099 77443
ONEWEB-0315             
1 49101U 21075AC  23062.40478227 -.00000271  00000+0 -78797-3 0  9999
2 49101  87.8941 229.3916 0001411  83.5378 276.5911 13.12444851 78534
ONEWEB-0315             
1 49101U 21075AC  23062.48101931 -.00000226  00000+0 -66379-3 0  9995
2 49101  87.8940 229.3764 0001416  83.6331 276.4959 13.12444808 77542
ONEWEB-0315             
1 49101U 21075AC  23062.86220538 -.00000321  00000+0 -92728-3 0  9995
2 49101  87.8941 229.3008 0001390  83.8232 276.3055 13.12444534 77594
