ONEWEB-0590             
1 54656U 22166Q   23059.58334491 -.01001822  00000+0 -70434+0 0  9991
2 54656  87.1806 125.7120 0012900 335.5694 181.1912 14.01445063  1308
ONEWEB-0590             
1 54656U 22166Q   23060.00001157 -.01009742  00000+0 -72197+0 0  9997
2 54656  87.1884 125.5841 0012915 333.7380 123.2377 14.00523550 12738
ONEWEB-0590             
1 54656U 22166Q   23060.58334491 -.01002161  00000+0 -73280+0 0  9992
2 54656  87.1997 125.4030 0012860 331.9238 183.0235 13.99233636 12819
ONEWEB-0590             
1 54656U 22166Q   23061.00001157 -.01009782  00000+0 -75085+0 0  9991
2 54656  87.2075 125.2764 0012881 330.0660 121.7822 13.98310301  1308
ONEWEB-0590             
1 54656U 22166Q   23061.25001157 -.01092687  00000+0 -82366+0 0  9994
2 54656  87.2123 125.1997 0012631 328.5031 300.8001 13.97811797 12918
ONEWEB-0590             
1 54656U 22166Q   23061.83334491 -.01096292  00000+0 -84556+0 0  9997
2 54656  87.2234 125.0220 0012694 326.5779 354.9101 13.96517729 12991
ONEWEB-0590             
1 54656U 22166Q   23061.83334491 -.01096292  00000+0 -84556+0 0  9997
2 54656  87.2234 125.0220 0012694 326.5779 354.9101 13.96517729  1304
ONEWEB-0590             
1 54656U 22166Q   23062.50001157 -.01018750  00000+0 -80330+0 0  9991
2 54656  87.2360 124.8198 0012848 324.8275 104.4258 13.94999446 13085
ONEWEB-0590             
1 54656U 22166Q   23062.58334491 -.01003462  00000+0 -79314+0 0  9993
2 54656  87.2375 124.7946 0012780 324.9721 162.4994 13.94812542  1307
ONEWEB-0590             
1 54656U 22166Q   23062.91667824 -.01053316  00000+0 -84546+0 0  9995
2 54656  87.2438 124.6952 0012678 323.1218  36.6779 13.94096037  1307
