ONEWEB-0401             
1 50481U 21132N   23059.13262906  .00000056  00000+0  10949-3 0  9991
2 50481  87.9112 214.8884 0001547  99.5709 260.5598 13.18685709 64079
ONEWEB-0401             
1 50481U 21132N   23059.51201190  .00000042  00000+0  73514-4 0  9994
2 50481  87.9111 214.8128 0001555  99.5639 260.5669 13.18685528 62841
ONEWEB-0401             
1 50481U 21132N   23059.89139432  .00000061  00000+0  12187-3 0  9993
2 50481  87.9112 214.7373 0001556  99.7342 260.3966 13.18685804 62897
ONEWEB-0401             
1 50481U 21132N   23060.42253000  .00000045  00000+0  82484-4 0  9992
2 50481  87.9112 214.6314 0001567  99.8096 260.3213 13.18685820 64244
ONEWEB-0401             
1 50481U 21132N   23060.87778970 -.00000030  00000+0 -10905-3 0  9993
2 50481  87.9114 214.5408 0001566 100.3012 259.8297 13.18685272 63025
ONEWEB-0401             
1 50481U 21132N   23061.78830814 -.00000036  00000+0 -12491-3 0  9998
2 50481  87.9118 214.3595 0001524 100.0310 260.0994 13.18685242 63144
ONEWEB-0401             
1 50481U 21132N   23062.39531964  .00000130  00000+0  29612-3 0  9996
2 50481  87.9121 214.2386 0001523  99.9909 260.1395 13.18685705 64505
ONEWEB-0401             
1 50481U 21132N   23062.47119706 -.00000019  00000+0 -82189-4 0  9998
2 50481  87.9121 214.2235 0001526 100.0351 260.0953 13.18685095 63236
ONEWEB-0401             
1 50481U 21132N   23062.85057937 -.00000031  00000+0 -11146-3 0  9995
2 50481  87.9121 214.1479 0001523 100.5839 259.5464 13.18685732 63281
