ONEWEB-0245             
1 48778U 21045M   23059.24209693 -.00000048  00000+0 -16243-3 0  9992
2 48778  87.9087 139.1413 0001839 119.2506 240.8809 13.15550048 87088
ONEWEB-0245             
1 48778U 21045M   23059.92661221 -.00000019  00000+0 -85071-4 0  9990
2 48778  87.9085 139.0055 0001848 118.8449 241.2867 13.15550540 86049
ONEWEB-0245             
1 48778U 21045M   23060.23084131  .00000007  00000+0 -14936-4 0  9993
2 48778  87.9085 138.9451 0001863 118.5899 241.5419 13.15550529 86087
ONEWEB-0245             
1 48778U 21045M   23061.14352907  .00000072  00000+0  15761-3 0  9990
2 48778  87.9083 138.7641 0001878 118.3879 241.7440 13.15550284 87339
ONEWEB-0245             
1 48778U 21045M   23061.59987382  .00000032  00000+0  50905-4 0  9996
2 48778  87.9082 138.6734 0001855 117.3655 242.7664 13.15549485 86267
ONEWEB-0245             
1 48778U 21045M   23062.28438846  .00000143  00000+0  34595-3 0  9998
2 48778  87.9087 138.5379 0001915 118.0808 242.0516 13.15550401 86350
ONEWEB-0245             
1 48778U 21045M   23062.28438846  .00000143  00000+0  34595-3 0  9998
2 48778  87.9087 138.5379 0001915 118.0808 242.0516 13.15550401 87485
ONEWEB-0245             
1 48778U 21045M   23062.89284700  .00000117  00000+0  27616-3 0  9990
2 48778  87.9085 138.4172 0001912 117.3531 242.7794 13.15550308 86430
