ONEWEB-0337             
1 49203U 21083T   23059.45533929  .00000667  00000+0  17902-2 0  9990
2 49203  87.9081 199.6443 0001706 107.2318 252.8998 13.13470752 72763
ONEWEB-0337             
1 49203U 21083T   23059.68387231  .00000708  00000+0  19047-2 0  9996
2 49203  87.9081 199.5992 0001712 107.1213 253.0104 13.13470423 74096
ONEWEB-0337             
1 49203U 21083T   23059.91240565  .00000582  00000+0  15574-2 0  9991
2 49203  87.9081 199.5540 0001706 107.2715 252.8601 13.13470192 72827
ONEWEB-0337             
1 49203U 21083T   23060.90271233  .00000249  00000+0  64792-3 0  9995
2 49203  87.9083 199.3583 0001717 107.4246 252.7071 13.13472486 72959
ONEWEB-0337             
1 49203U 21083T   23061.13124367  .00000323  00000+0  85054-3 0  9993
2 49203  87.9083 199.3131 0001719 107.4948 252.6369 13.13473283 74282
ONEWEB-0337             
1 49203U 21083T   23061.81684106  .00000150  00000+0  37656-3 0  9993
2 49203  87.9084 199.1776 0001711 107.4556 252.6760 13.13472330 73076
ONEWEB-0337             
1 49203U 21083T   23062.35008102  .00000227  00000+0  58679-3 0  9992
2 49203  87.9085 199.0722 0001695 107.5259 252.6056 13.13473683 74441
ONEWEB-0337             
1 49203U 21083T   23062.42625850  .00000212  00000+0  54442-3 0  9993
2 49203  87.9085 199.0572 0001709 107.4941 252.6375 13.13473432 73150
ONEWEB-0337             
1 49203U 21083T   23062.88332329 -.00000014  00000+0 -72745-4 0  9998
2 49203  87.9086 198.9669 0001700 107.8413 252.2902 13.13472898 73219
