ONEWEB-0240             
1 48785U 21045U   23059.28223583  .00000126  00000+0  30101-3 0  9992
2 48785  87.9089 139.0937 0001585 123.7858 236.3424 13.15546878 85982
ONEWEB-0240             
1 48785U 21045U   23059.58646726 -.00000094  00000+0 -28395-3 0  9991
2 48785  87.9089 139.0334 0001585 124.5561 235.5719 13.15545486 87145
ONEWEB-0240             
1 48785U 21045U   23059.73858053  .00000243  00000+0  61118-3 0  9990
2 48785  87.9089 139.0032 0001580 124.4524 235.6756 13.15546178 86042
ONEWEB-0240             
1 48785U 21045U   23060.57521108  .00000212  00000+0  52929-3 0  9998
2 48785  87.9087 138.8370 0001659 124.2545 235.8743 13.15547340 86152
ONEWEB-0240             
1 48785U 21045U   23061.10760870 -.00003139  00000+0 -83746-2 0  9992
2 48785  87.9087 138.7315 0001607 120.1118 240.0172 13.15562393 87345
ONEWEB-0240             
1 48785U 21045U   23061.41184329  .00000014  00000+0  42418-5 0  9996
2 48785  87.9087 138.6713 0001649 123.8506 236.2781 13.15546602 86261
ONEWEB-0240             
1 48785U 21045U   23062.24847397 -.00000034  00000+0 -12413-3 0  9993
2 48785  87.9085 138.5054 0001685 123.2781 236.8511 13.15547421 86374
ONEWEB-0240             
1 48785U 21045U   23062.24847397 -.00000034  00000+0 -12413-3 0  9993
2 48785  87.9085 138.5054 0001685 123.2781 236.8511 13.15547421 87498
ONEWEB-0240             
1 48785U 21045U   23062.62876112 -.00000050  00000+0 -16655-3 0  9992
2 48785  87.9085 138.4300 0001689 123.2318 236.8974 13.15547116 86427
