ONEWEB-0325             
1 49194U 21083J   23059.14528660  .00000052  00000+0  98575-4 0  9996
2 49194  87.9211 214.7948 0001529  91.4374 268.6934 13.18681087 72478
ONEWEB-0325             
1 49194U 21083J   23059.44879300  .00000086  00000+0  18518-3 0  9994
2 49194  87.9206 214.7343 0001533  91.4883 268.6425 13.18681893 71234
ONEWEB-0325             
1 49194U 21083J   23059.90405362  .00000002  00000+0 -27352-4 0  9994
2 49194  87.9209 214.6441 0001517  91.6828 268.4478 13.18681967 71292
ONEWEB-0325             
1 49194U 21083J   23060.43518649  .00000509  00000+0  12577-2 0  9999
2 49194  87.9206 214.5385 0001475  91.9415 268.1886 13.18685149 72649
ONEWEB-0325             
1 49194U 21083J   23060.89044463  .00000498  00000+0  12299-2 0  9995
2 49194  87.9207 214.4485 0001477  92.7999 267.3302 13.18686300 71427
ONEWEB-0325             
1 49194U 21083J   23061.80096123  .00000482  00000+0  11896-2 0  9992
2 49194  87.9213 214.2681 0001454  93.7138 266.4160 13.18687323 71542
ONEWEB-0325             
1 49194U 21083J   23061.80096123  .00000482  00000+0  11896-2 0  9992
2 49194  87.9213 214.2681 0001454  93.7138 266.4160 13.18687323 72824
ONEWEB-0325             
1 49194U 21083J   23062.48384756  .00000085  00000+0  18355-3 0  9996
2 49194  87.9214 214.1328 0001472  94.0636 266.0665 13.18689945 71635
ONEWEB-0325             
1 49194U 21083J   23062.86322931 -.00000062  00000+0 -18879-3 0  9993
2 49194  87.9214 214.0576 0001453  94.5546 265.5752 13.18689960 71686
