ONEWEB-0118             
1 47264U 20100G   23059.47917437  .00000017  00000+0  13112-4 0  9996
2 47264  87.8941 229.9520 0002339  99.9047 260.2345 13.12441842106702
ONEWEB-0118             
1 47264U 20100G   23059.86036170  .00000098  00000+0  23757-3 0  9999
2 47264  87.8943 229.8764 0002342  99.6006 260.5387 13.12441273106751
ONEWEB-0118             
1 47264U 20100G   23060.69897199  .00000301  00000+0  80164-3 0  9990
2 47264  87.8944 229.7098 0002337  98.8555 261.2838 13.12441938106864
ONEWEB-0118             
1 47264U 20100G   23060.85144781  .00000167  00000+0  42867-3 0  9998
2 47264  87.8945 229.6796 0002313  98.7502 261.3888 13.12441092106883
ONEWEB-0118             
1 47264U 20100G   23061.69005715  .00000404  00000+0  10889-2 0  9996
2 47264  87.8947 229.5131 0002302  97.9722 262.1668 13.12442251106995
ONEWEB-0118             
1 47264U 20100G   23062.37619147  .00000609  00000+0  16572-2 0  9994
2 47264  87.8950 229.3769 0002265  97.3781 262.7605 13.12443073107082
ONEWEB-0118             
1 47264U 20100G   23062.45243003  .00000446  00000+0  12054-2 0  9997
2 47264  87.8950 229.3618 0002275  97.2541 262.8846 13.12442048107099
ONEWEB-0118             
1 47264U 20100G   23062.83361575  .00000452  00000+0  12218-2 0  9993
2 47264  87.8953 229.2861 0002279  97.1160 263.0228 13.12442720107141
