ONEWEB-0421             
1 50496U 21132AD  23059.17048441 -.00015891  00000+0 -40367-1 0  9997
2 50496  87.9222 214.8765 0001166  73.1376 286.9884 13.18759221 64105
ONEWEB-0421             
1 50496U 21132AD  23059.47403814  .00018016  00000+0  45636-1 0  9993
2 50496  87.9221 214.8164 0001384  63.6223 296.5051 13.18593309 62849
ONEWEB-0421             
1 50496U 21132AD  23059.70168639  .00022701  00000+0  57498-1 0  9997
2 50496  87.9223 214.7713 0001375  73.7285 286.3998 13.18575217 64173
ONEWEB-0421             
1 50496U 21132AD  23059.92930256 -.00000251  00000+0 -66893-3 0  9992
2 50496  87.9222 214.7262 0001598  78.5154 281.6158 13.18687650 64201
ONEWEB-0421             
1 50496U 21132AD  23060.83982324 -.00000488  00000+0 -12697-2 0  9991
2 50496  87.9223 214.5459 0001595  79.3756 280.7555 13.18685001 63020
ONEWEB-0421             
1 50496U 21132AD  23061.82621924 -.00000377  00000+0 -98977-3 0  9990
2 50496  87.9227 214.3506 0001558  80.1684 279.9624 13.18683722 63153
ONEWEB-0421             
1 50496U 21132AD  23062.35735425  .00000124  00000+0  28194-3 0  9993
2 50496  87.9226 214.2454 0001544  80.3034 279.8273 13.18683990 64527
ONEWEB-0421             
1 50496U 21132AD  23062.43323127  .00000102  00000+0  22668-3 0  9990
2 50496  87.9226 214.2304 0001547  80.2544 279.8762 13.18683622 63231
ONEWEB-0421             
1 50496U 21132AD  23062.88849190  .00000023  00000+0  26244-4 0  9999
2 50496  87.9225 214.1400 0001485  79.3019 280.8280 13.18683089 63293
