ONEWEB-0196             
1 48218U 21031J   23059.34995754  .00000039  00000+0  71904-4 0  9991
2 48218  87.9134 169.3705 0001605 113.7730 246.3568 13.14501479 89930
ONEWEB-0196             
1 48218U 21031J   23059.34995754  .00000039  00000+0  71904-4 0  9991
2 48218  87.9134 169.3705 0001605 113.7730 246.3568 13.14501479 89941
ONEWEB-0196             
1 48218U 21031J   23059.80666397 -.00000029  00000+0 -11135-3 0  9990
2 48218  87.9133 169.2802 0001620 114.2908 245.8391 13.14501825 90009
ONEWEB-0196             
1 48218U 21031J   23060.33948781 -.00000017  00000+0 -81327-4 0  9998
2 48218  87.9132 169.1750 0001653 113.9530 246.1773 13.14502332 90071
ONEWEB-0196             
1 48218U 21031J   23061.02454803 -.00000136  00000+0 -40070-3 0  9993
2 48218  87.9132 169.0397 0001666 114.3015 245.8289 13.14502136 90153
ONEWEB-0196             
1 48218U 21031J   23061.78572643 -.00000206  00000+0 -59125-3 0  9998
2 48218  87.9133 168.8893 0001682 114.1433 245.9873 13.14501890 90260
ONEWEB-0196             
1 48218U 21031J   23062.24243283 -.00000148  00000+0 -43447-3 0  9990
2 48218  87.9128 168.7986 0001698 114.5210 245.6097 13.14502424 90315
ONEWEB-0196             
1 48218U 21031J   23062.31855042 -.00000191  00000+0 -54828-3 0  9993
2 48218  87.9127 168.7833 0001707 114.5946 245.5362 13.14502887 90331
