ONEWEB-0294             
1 49083U 21075J   23059.16998305  .00000127  00000+0  31900-3 0  9994
2 49083  87.8934 230.0418 0001404 114.1576 245.9699 13.12443238 77501
ONEWEB-0294             
1 49083U 21075J   23059.55116967  .00000172  00000+0  44223-3 0  9995
2 49083  87.8935 229.9660 0001416 114.4165 245.7111 13.12442959 76569
ONEWEB-0294             
1 49083U 21075J   23059.85611967  .00000197  00000+0  51298-3 0  9995
2 49083  87.8936 229.9055 0001425 114.4237 245.7041 13.12442104 76607
ONEWEB-0294             
1 49083U 21075J   23060.46601653  .00000405  00000+0  10907-2 0  9998
2 49083  87.8935 229.7843 0001443 114.5504 245.5775 13.12443375 77678
ONEWEB-0294             
1 49083U 21075J   23060.84720398  .00000287  00000+0  76300-3 0  9996
2 49083  87.8937 229.7085 0001439 114.9480 245.1798 13.12442462 76733
ONEWEB-0294             
1 49083U 21075J   23061.76204960  .00000441  00000+0  11891-2 0  9995
2 49083  87.8940 229.5268 0001468 115.1796 244.9485 13.12443338 76859
ONEWEB-0294             
1 49083U 21075J   23062.37194545  .00000525  00000+0  14242-2 0  9996
2 49083  87.8939 229.4057 0001467 115.3114 244.8167 13.12444777 77920
ONEWEB-0294             
1 49083U 21075J   23062.44818254  .00000537  00000+0  14567-2 0  9997
2 49083  87.8939 229.3905 0001478 115.1727 244.9555 13.12444766 76942
ONEWEB-0294             
1 49083U 21075J   23062.82936843  .00000451  00000+0  12169-2 0  9995
2 49083  87.8942 229.3148 0001474 115.7309 244.3972 13.12444325 76996
