ONEWEB-0451             
1 51643U 22012X   23059.55492782  .00000072  00000+0  15305-3 0  9992
2 51643  87.9077 245.1937 0001479  79.5887 280.5411 13.17383509 55028
ONEWEB-0451             
1 51643U 22012X   23059.55492782  .00000072  00000+0  15305-3 0  9992
2 51643  87.9077 245.1937 0001479  79.5887 280.5411 13.17383509 56322
ONEWEB-0451             
1 51643U 22012X   23059.78278236  .00000033  00000+0  50796-4 0  9994
2 51643  87.9078 245.1484 0001484  79.7974 280.3324 13.17383456 55056
ONEWEB-0451             
1 51643U 22012X   23060.77015075  .00000103  00000+0  23357-3 0  9995
2 51643  87.9078 244.9518 0001474  80.2731 279.8567 13.17384082 55180
ONEWEB-0451             
1 51643U 22012X   23060.77015075  .00000103  00000+0  23357-3 0  9995
2 51643  87.9078 244.9518 0001474  80.2731 279.8567 13.17384082 56484
ONEWEB-0451             
1 51643U 22012X   23061.75752003  .00000022  00000+0  22826-4 0  9994
2 51643  87.9080 244.7552 0001440  80.4730 279.6564 13.17384022 55317
ONEWEB-0451             
1 51643U 22012X   23062.21322868 -.00000009  00000+0 -56089-4 0  9993
2 51643  87.9084 244.6645 0001426  80.5785 279.5508 13.17384186 56676
ONEWEB-0451             
1 51643U 22012X   23062.44108252  .00000113  00000+0  25863-3 0  9996
2 51643  87.9085 244.6191 0001411  80.6130 279.5161 13.17384408 55404
ONEWEB-0451             
1 51643U 22012X   23062.51703432  .00000067  00000+0  14027-3 0  9993
2 51643  87.9084 244.6040 0001415  80.6986 279.4305 13.17384141 55413
