ONEWEB-0438             
1 51634U 22012N   23059.02868056 -.00000349  00000+0 -10366-2 0  9995
2 51634  87.8764 275.7207 0001751  77.8111 282.3213 13.10371891 52800
ONEWEB-0438             
1 51634U 22012N   23059.56318348 -.00000185  00000+0 -56636-3 0  9997
2 51634  87.8763 275.6142 0001731  78.1944 281.9378 13.10370243 51583
ONEWEB-0438             
1 51634U 22012N   23059.86861341 -.00000126  00000+0 -39747-3 0  9995
2 51634  87.8764 275.5532 0001739  78.1517 281.9805 13.10370048 51623
ONEWEB-0438             
1 51634U 22012N   23060.09768609 -.00000202  00000+0 -61513-3 0  9996
2 51634  87.8762 275.5075 0001720  78.2395 281.8925 13.10370012 52947
ONEWEB-0438             
1 51634U 22012N   23060.55583134 -.00000333  00000+0 -99091-3 0  9992
2 51634  87.8762 275.4161 0001727  78.5497 281.5824 13.10370187 51717
ONEWEB-0438             
1 51634U 22012N   23061.62483795 -.00000482  00000+0 -14176-2 0  9998
2 51634  87.8759 275.2024 0001690  78.1783 281.9534 13.10369292 51854
ONEWEB-0438             
1 51634U 22012N   23061.62483795 -.00000482  00000+0 -14176-2 0  9998
2 51634  87.8759 275.2024 0001690  78.1783 281.9534 13.10369292 53148
ONEWEB-0438             
1 51634U 22012N   23062.31205702 -.00000550  00000+0 -16118-2 0  9999
2 51634  87.8757 275.0650 0001684  78.1411 281.9905 13.10368640 51944
ONEWEB-0438             
1 51634U 22012N   23062.84656115 -.00000544  00000+0 -15959-2 0  9990
2 51634  87.8757 274.9583 0001677  77.8802 282.2513 13.10367976 52018
