ONEWEB-0127             
1 47273U 20100R   23059.46223385  .00000463  00000+0  12512-2 0  9993
2 47273  87.8974 229.9698 0001623  99.8855 260.2457 13.12442870106701
ONEWEB-0127             
1 47273U 20100R   23059.53847095  .00000540  00000+0  14649-2 0  9990
2 47273  87.8974 229.9546 0001638  99.8881 260.2433 13.12442766106717
ONEWEB-0127             
1 47273U 20100R   23059.91965717  .00000506  00000+0  13725-2 0  9990
2 47273  87.8974 229.8791 0001625  99.9514 260.1798 13.12442833106761
ONEWEB-0127             
1 47273U 20100R   23060.75826474  .00000591  00000+0  16082-2 0  9993
2 47273  87.8975 229.7128 0001633  99.6907 260.4406 13.12444376106872
ONEWEB-0127             
1 47273U 20100R   23060.91074069  .00000334  00000+0  89386-3 0  9999
2 47273  87.8977 229.6825 0001601 100.1332 259.9977 13.12442919106891
ONEWEB-0127             
1 47273U 20100R   23061.82558498  .00000277  00000+0  73558-3 0  9993
2 47273  87.8980 229.5011 0001590 100.0978 260.0330 13.12443874107015
ONEWEB-0127             
1 47273U 20100R   23062.43548096  .00000286  00000+0  75931-3 0  9991
2 47273  87.8982 229.3802 0001589 100.0675 260.0633 13.12444010107092
ONEWEB-0127             
1 47273U 20100R   23062.89290314  .00000057  00000+0  12350-3 0  9990
2 47273  87.8982 229.2896 0001579 100.6319 259.4988 13.12444206107153
ONEWEB-0127             
1 47273U 20100R   23062.96914009  .00000035  00000+0  61060-4 0  9991
2 47273  87.8982 229.2745 0001575 100.6902 259.4404 13.12444271107166
