ONEWEB-0202             
1 48224U 21031Q   23059.33514513 -.00000178  00000+0 -51392-3 0  9991
2 48224  87.9131 169.3946 0002020 145.4777 214.6484 13.14504516 90073
ONEWEB-0202             
1 48224U 21031Q   23059.33514513 -.00000178  00000+0 -51392-3 0  9991
2 48224  87.9131 169.3946 0002020 145.4777 214.6484 13.14504516 90084
ONEWEB-0202             
1 48224U 21031Q   23059.79185149 -.00000187  00000+0 -53851-3 0  9992
2 48224  87.9131 169.3042 0002057 144.8554 215.2711 13.14504191 90132
ONEWEB-0202             
1 48224U 21031Q   23060.85749997 -.00000254  00000+0 -71847-3 0  9998
2 48224  87.9129 169.0937 0002084 143.0215 217.1059 13.14503805 90276
ONEWEB-0202             
1 48224U 21031Q   23061.00973427 -.00000124  00000+0 -36818-3 0  9998
2 48224  87.9127 169.0635 0002076 142.2761 217.8515 13.14504910 90303
ONEWEB-0202             
1 48224U 21031Q   23061.31420638 -.00000233  00000+0 -66412-3 0  9997
2 48224  87.9126 169.0033 0002103 141.5279 218.6001 13.14503958 90334
ONEWEB-0202             
1 48224U 21031Q   23062.30374026 -.00000288  00000+0 -81098-3 0  9993
2 48224  87.9123 168.8074 0002131 139.9852 220.1435 13.14502494 90470
ONEWEB-0202             
1 48224U 21031Q   23062.37985767 -.00000197  00000+0 -56510-3 0  9990
2 48224  87.9124 168.7924 0002131 139.9141 220.2147 13.14502828 90477
ONEWEB-0202             
1 48224U 21031Q   23062.83656677 -.00000196  00000+0 -56359-3 0  9996
2 48224  87.9122 168.7015 0002111 138.6154 221.5136 13.14500948 90534
