ONEWEB-0126             
1 47272U 20100Q   23059.49931174  .00000005  00000+0 -21519-4 0  9999
2 47272  87.8941 229.9852 0001593 104.9528 255.1777 13.12443935106685
ONEWEB-0126             
1 47272U 20100Q   23059.88049678  .00000032  00000+0  52451-4 0  9999
2 47272  87.8941 229.9094 0001609 104.8651 255.2656 13.12444393106739
ONEWEB-0126             
1 47272U 20100Q   23059.95673389  .00000006  00000+0 -18551-4 0  9994
2 47272  87.8941 229.8942 0001605 104.9104 255.2202 13.12444431106741
ONEWEB-0126             
1 47272U 20100Q   23060.87157980 -.00000078  00000+0 -25214-3 0  9994
2 47272  87.8941 229.7124 0001604 104.9336 255.1970 13.12443966106864
ONEWEB-0126             
1 47272U 20100Q   23061.71018704 -.00000224  00000+0 -65757-3 0  9997
2 47272  87.8943 229.5460 0001627 104.7493 255.3816 13.12445630106977
ONEWEB-0126             
1 47272U 20100Q   23062.47255780 -.00000034  00000+0 -13123-3 0  9997
2 47272  87.8949 229.3948 0001619 105.1911 254.9396 13.12445640107074
ONEWEB-0126             
1 47272U 20100Q   23062.85374410 -.00000064  00000+0 -21187-3 0  9993
2 47272  87.8949 229.3192 0001620 105.0498 255.0810 13.12445191107126
