ONEWEB-0468             
1 51652U 22012AG  23059.57568010  .00000493  00000+0  13756-2 0  9996
2 51652  87.8740 275.6187 0001493  80.0774 280.0522 13.10374254 51548
ONEWEB-0468             
1 51652U 22012AG  23059.57568010  .00000493  00000+0  13756-2 0  9996
2 51652  87.8740 275.6187 0001493  80.0774 280.0522 13.10374254 52831
ONEWEB-0468             
1 51652U 22012AG  23060.87375413  .00000291  00000+0  79694-3 0  9994
2 51652  87.8740 275.3590 0001469  79.6533 280.4760 13.10374969 51713
ONEWEB-0468             
1 51652U 22012AG  23061.10282628  .00000142  00000+0  37191-3 0  9997
2 51652  87.8743 275.3136 0001468  81.0265 279.1028 13.10374832 53038
ONEWEB-0468             
1 51652U 22012AG  23061.63732679  .00000161  00000+0  42563-3 0  9991
2 51652  87.8744 275.2071 0001561  86.5364 273.5942 13.10374651 51816
ONEWEB-0468             
1 51652U 22012AG  23062.09546937 -.00002230  00000+0 -64258-2 0  9997
2 51652  87.8741 275.1159 0001599  74.7395 285.3909 13.10386648 51872
ONEWEB-0468             
1 51652U 22012AG  23062.09546937 -.00002230  00000+0 -64258-2 0  9997
2 51652  87.8741 275.1159 0001599  74.7395 285.3909 13.10386648 53166
ONEWEB-0468             
1 51652U 22012AG  23062.85904088  .00000065  00000+0  15069-3 0  9995
2 51652  87.8744 274.9629 0001535  82.7787 277.3514 13.10376570 51975
