ONEWEB-0342             
1 49208U 21083Y   23059.20749213  .00003475  00000+0  85079-2 0  9993
2 49208  87.9329 154.3156 0001169 115.7737 244.3517 13.20796968 79021
ONEWEB-0342             
1 49208U 21083Y   23059.51054387  .00000028  00000+0  37669-4 0  9993
2 49208  87.9327 154.2562 0001202 107.7392 252.3873 13.20772440 77767
ONEWEB-0342             
1 49208U 21083Y   23059.58629989 -.00000018  00000+0 -75582-4 0  9993
2 49208  87.9323 154.2401 0001198 107.2366 252.8899 13.20773171 79076
ONEWEB-0342             
1 49208U 21083Y   23059.88932656 -.00000003  00000+0 -39321-4 0  9999
2 49208  87.9328 154.1807 0001292 115.7075 244.4192 13.20772444 77811
ONEWEB-0342             
1 49208U 21083Y   23060.26811086 -.00000125  00000+0 -33920-3 0  9999
2 49208  87.9329 154.1066 0001292 112.2842 247.8429 13.20772103 77860
ONEWEB-0342             
1 49208U 21083Y   23061.17718958 -.00001932  00000+0 -47835-2 0  9990
2 49208  87.9326 153.9267 0001311 113.9100 246.2170 13.20779431 79289
ONEWEB-0342             
1 49208U 21083Y   23061.78324528 -.00000136  00000+0 -36736-3 0  9997
2 49208  87.9328 153.8069 0001366 112.8367 247.2911 13.20769284 78067
ONEWEB-0342             
1 49208U 21083Y   23062.31354297 -.00000021  00000+0 -83125-4 0  9991
2 49208  87.9329 153.7018 0001300 111.4385 248.6887 13.20769801 78134
ONEWEB-0342             
1 49208U 21083Y   23062.31354297 -.00000021  00000+0 -83125-4 0  9991
2 49208  87.9329 153.7018 0001300 111.4385 248.6887 13.20769801 79438
