ONEWEB-0096             
1 45439U 20020R   23059.02407762  .00000155  00000+0  40235-3 0  9993
2 45439  87.8794 260.4835 0001337  82.2501 277.8779 13.11413598144710
ONEWEB-0096             
1 45439U 20020R   23059.55815731  .00000249  00000+0  66641-3 0  9993
2 45439  87.8795 260.3767 0001340  83.3857 276.7424 13.11413563144777
ONEWEB-0096             
1 45439U 20020R   23059.78704816  .00000325  00000+0  88183-3 0  9999
2 45439  87.8795 260.3310 0001342  83.5241 276.6039 13.11413972144801
ONEWEB-0096             
1 45439U 20020R   23060.09223668  .00000370  00000+0  10095-2 0  9992
2 45439  87.8795 260.2701 0001335  83.7379 276.3900 13.11413844144857
ONEWEB-0096             
1 45439U 20020R   23060.77890993  .00000541  00000+0  14909-2 0  9996
2 45439  87.8797 260.1329 0001384  84.8621 275.2665 13.11413901144939
ONEWEB-0096             
1 45439U 20020R   23061.61817623  .00000591  00000+0  16328-2 0  9991
2 45439  87.8800 259.9654 0001320  85.0751 275.0528 13.11415153145048
ONEWEB-0096             
1 45439U 20020R   23061.61817623  .00000591  00000+0  16328-2 0  9991
2 45439  87.8800 259.9654 0001320  85.0751 275.0528 13.11415153145059
ONEWEB-0096             
1 45439U 20020R   23062.53369735  .00004643  00000+0  13053-1 0  9992
2 45439  87.8797 259.7816 0001543  55.9645 304.1629 13.11450959145168
ONEWEB-0096             
1 45439U 20020R   23062.53369735  .00004643  00000+0  13053-1 0  9992
2 45439  87.8797 259.7816 0001543  55.9645 304.1629 13.11450959145179
ONEWEB-0096             
1 45439U 20020R   23062.83890576  .00001362  00000+0  38047-2 0  9993
2 45439  87.8801 259.7217 0001183  84.9742 275.1521 13.11425664145207
