ONEWEB-0416             
1 51625U 22012D   23059.02401130 -.00000233  00000+0 -70245-3 0  9996
2 51625  87.8764 275.7145 0001361  86.3721 273.7562 13.10377921 52788
ONEWEB-0416             
1 51625U 22012D   23059.55851131 -.00000339  00000+0 -10086-2 0  9997
2 51625  87.8764 275.6078 0001362  86.7781 273.3502 13.10377484 51562
ONEWEB-0416             
1 51625U 22012D   23059.86394016 -.00000418  00000+0 -12347-2 0  9995
2 51625  87.8763 275.5468 0001367  87.0444 273.0840 13.10377067 51602
ONEWEB-0416             
1 51625U 22012D   23060.09301134 -.00000365  00000+0 -10825-2 0  9991
2 51625  87.8759 275.5009 0001366  87.1427 272.9857 13.10377002 52920
ONEWEB-0416             
1 51625U 22012D   23060.85658484 -.00000648  00000+0 -18920-2 0  9996
2 51625  87.8756 275.3478 0001362  86.9281 273.2002 13.10375460 51736
ONEWEB-0416             
1 51625U 22012D   23061.62015847 -.00000715  00000+0 -20845-2 0  9996
2 51625  87.8758 275.1957 0001368  88.2207 271.9077 13.10374429 51839
ONEWEB-0416             
1 51625U 22012D   23061.62015847 -.00000715  00000+0 -20845-2 0  9996
2 51625  87.8758 275.1957 0001368  88.2207 271.9077 13.10374429 53123
ONEWEB-0416             
1 51625U 22012D   23062.30737547 -.00000727  00000+0 -21205-2 0  9994
2 51625  87.8754 275.0586 0001375  89.1445 270.9840 13.10373530 51923
