ONEWEB-0080             
1 45426U 20020C   23059.01177169  .00000890  00000+0  24750-2 0  9992
2 45426  87.8803 260.4895 0001080 100.6590 259.4660 13.11411708144751
ONEWEB-0080             
1 45426U 20020C   23059.54584853  .00001150  00000+0  32077-2 0  9993
2 45426  87.8806 260.3829 0001123 101.2309 258.8945 13.11414624144819
ONEWEB-0080             
1 45426U 20020C   23059.85103635  .00001080  00000+0  30113-2 0  9993
2 45426  87.8806 260.3220 0001134 101.9523 258.1732 13.11414967144852
ONEWEB-0080             
1 45426U 20020C   23060.07992740  .00001143  00000+0  31899-2 0  9994
2 45426  87.8806 260.2763 0001141 101.8348 258.2908 13.11414490144896
ONEWEB-0080             
1 45426U 20020C   23060.84289438  .00000900  00000+0  25032-2 0  9994
2 45426  87.8806 260.1240 0001138 102.7841 257.3414 13.11417324144980
ONEWEB-0080             
1 45426U 20020C   23061.60586021  .00000527  00000+0  14521-2 0  9993
2 45426  87.8811 259.9717 0001143 102.6623 257.4632 13.11419446145086
ONEWEB-0080             
1 45426U 20020C   23061.60586021  .00000527  00000+0  14521-2 0  9993
2 45426  87.8811 259.9717 0001143 102.6623 257.4632 13.11419446145097
ONEWEB-0080             
1 45426U 20020C   23062.44512182  .00000385  00000+0  10502-2 0  9990
2 45426  87.8812 259.8042 0001145 103.9760 256.1496 13.11420064145199
ONEWEB-0080             
1 45426U 20020C   23062.90290116  .00000231  00000+0  61688-3 0  9993
2 45426  87.8814 259.7129 0001136 104.5814 255.5440 13.11419767145250
