ONEWEB-0379             
1 49305U 21090AC  23059.32035825 -.00000088  00000+0 -27229-3 0  9992
2 49305  87.9132 169.3862 0001601 103.5715 256.5593 13.14502246 69275
ONEWEB-0379             
1 49305U 21090AC  23059.85318475 -.00000212  00000+0 -60527-3 0  9992
2 49305  87.9130 169.2808 0001612 103.0462 257.0848 13.14501471 70649
ONEWEB-0379             
1 49305U 21090AC  23060.84271736 -.00000040  00000+0 -14340-3 0  9992
2 49305  87.9130 169.0855 0001625 102.9024 257.2287 13.14501510 69477
ONEWEB-0379             
1 49305U 21090AC  23060.99495243  .00000076  00000+0  17143-3 0  9990
2 49305  87.9130 169.0555 0001625 102.7237 257.4074 13.14502176 70790
ONEWEB-0379             
1 49305U 21090AC  23061.83224971  .00000084  00000+0  19250-3 0  9992
2 49305  87.9129 168.8900 0001571 101.9738 258.1568 13.14501988 69600
ONEWEB-0379             
1 49305U 21090AC  23062.36507373  .00000298  00000+0  77001-3 0  9996
2 49305  87.9129 168.7846 0001583 102.3095 257.8212 13.14502728 69674
ONEWEB-0379             
1 49305U 21090AC  23062.36507373  .00000298  00000+0  77001-3 0  9996
2 49305  87.9129 168.7846 0001583 102.3095 257.8212 13.14502728 70979
