ONEWEB-0398             
1 50478U 21132K   23059.56039605  .00000127  00000+0  32329-3 0  9997
2 50478  87.8806 260.4092 0001957 108.4401 251.6940 13.11415416 57721
ONEWEB-0398             
1 50478U 21132K   23059.56039605  .00000127  00000+0  32329-3 0  9997
2 50478  87.8806 260.4092 0001957 108.4401 251.6940 13.11415416 59004
ONEWEB-0398             
1 50478U 21132K   23059.78928724  .00000133  00000+0  33890-3 0  9991
2 50478  87.8807 260.3635 0001968 108.4016 251.7326 13.11415264 57751
ONEWEB-0398             
1 50478U 21132K   23060.78114691  .00000426  00000+0  11651-2 0  9998
2 50478  87.8804 260.1655 0001991 107.4991 252.6354 13.11416154 57889
ONEWEB-0398             
1 50478U 21132K   23060.78114691  .00000426  00000+0  11651-2 0  9998
2 50478  87.8804 260.1655 0001991 107.4991 252.6354 13.11416154 59162
ONEWEB-0398             
1 50478U 21132K   23061.77300663  .00000509  00000+0  14014-2 0  9992
2 50478  87.8808 259.9676 0001987 107.0694 253.0652 13.11416575 58012
ONEWEB-0398             
1 50478U 21132K   23062.07819326  .00000587  00000+0  16200-2 0  9992
2 50478  87.8809 259.9067 0001974 106.7517 253.3828 13.11417482 59335
ONEWEB-0398             
1 50478U 21132K   23062.45967803  .00000619  00000+0  17116-2 0  9991
2 50478  87.8810 259.8306 0001974 106.6138 253.5207 13.11416663 58107
ONEWEB-0398             
1 50478U 21132K   23062.84116173  .00000545  00000+0  15011-2 0  9990
2 50478  87.8811 259.7544 0001997 106.5942 253.5406 13.11417435 58152
