ONEWEB-0159             
1 48062U 21025W   23059.44154816  .00000201  00000+0  51584-3 0  9990
2 48062  87.9082 199.6553 0002027 110.5480 249.5867 13.13472772 95455
ONEWEB-0159             
1 48062U 21025W   23059.67007938  .00000272  00000+0  71082-3 0  9990
2 48062  87.9082 199.6101 0002034 110.4682 249.6666 13.13473597 95482
ONEWEB-0159             
1 48062U 21025W   23059.89861346  .00000018  00000+0  14714-4 0  9993
2 48062  87.9083 199.5649 0002029 110.6847 249.4500 13.13471803 95515
ONEWEB-0159             
1 48062U 21025W   23060.88892238 -.00000299  00000+0 -85387-3 0  9994
2 48062  87.9084 199.3692 0002093 110.0002 250.1353 13.13470122 95642
ONEWEB-0159             
1 48062U 21025W   23061.11745395 -.00000222  00000+0 -64256-3 0  9990
2 48062  87.9084 199.3241 0002083 109.8394 250.2960 13.13470814 95677
ONEWEB-0159             
1 48062U 21025W   23061.80305336 -.00000432  00000+0 -12166-2 0  9998
2 48062  87.9085 199.1885 0002097 109.4002 250.7354 13.13468988 95768
ONEWEB-0159             
1 48062U 21025W   23062.33629538 -.00000139  00000+0 -41584-3 0  9991
2 48062  87.9085 199.0832 0002095 108.7708 251.3649 13.13469124 95837
ONEWEB-0159             
1 48062U 21025W   23062.41247321 -.00000115  00000+0 -34968-3 0  9998
2 48062  87.9085 199.0681 0002106 108.7390 251.3968 13.13468686 95846
ONEWEB-0159             
1 48062U 21025W   23062.86954004 -.00000304  00000+0 -86689-3 0  9997
2 48062  87.9086 198.9777 0002089 108.7119 251.4237 13.13467898 95901
