ONEWEB-0063             
1 45448U 20020AA  23059.52225099 -.00000124  00000+0 -38547-3 0  9990
2 45448  87.8810 260.3830 0001808  84.2666 275.8668 13.11418874144807
ONEWEB-0063             
1 45448U 20020AA  23059.82743671 -.00000090  00000+0 -28908-3 0  9996
2 45448  87.8808 260.3220 0001798  84.0930 276.0403 13.11419066144845
ONEWEB-0063             
1 45448U 20020AA  23060.81929216 -.00000327  00000+0 -95711-3 0  9997
2 45448  87.8808 260.1240 0001796  84.0597 276.0735 13.11418580144974
ONEWEB-0063             
1 45448U 20020AA  23061.81114853 -.00000482  00000+0 -13970-2 0  9999
2 45448  87.8807 259.9258 0001798  83.9688 276.1645 13.11417659145102
ONEWEB-0063             
1 45448U 20020AA  23062.04003833 -.00000458  00000+0 -13286-2 0  9993
2 45448  87.8806 259.8801 0001791  84.0661 276.0671 13.11417585145139
ONEWEB-0063             
1 45448U 20020AA  23062.49781926 -.00000590  00000+0 -17000-2 0  9993
2 45448  87.8806 259.7889 0001812  84.3171 275.8164 13.11416797145191
ONEWEB-0063             
1 45448U 20020AA  23062.80300590 -.00000534  00000+0 -15439-2 0  9994
2 45448  87.8806 259.7282 0001808  84.5754 275.5580 13.11416681145238
