ONEWEB-0517             
1 54135U 22138Y   23059.39783559 -.00000377  00000+0 -97512-3 0  9997
2 54135  87.9365 184.5422 0001402  86.2223 273.9070 13.19726933 17925
ONEWEB-0517             
1 54135U 22138Y   23059.39783559 -.00000377  00000+0 -97512-3 0  9997
2 54135  87.9365 184.5422 0001402  86.2223 273.9070 13.19726933 18791
ONEWEB-0517             
1 54135U 22138Y   23059.85273798 -.00000462  00000+0 -11854-2 0  9996
2 54135  87.9365 184.4525 0001391  86.1163 274.0129 13.19724877 17985
ONEWEB-0517             
1 54135U 22138Y   23060.83835637 -.00000383  00000+0 -98946-3 0  9992
2 54135  87.9367 184.2579 0001384  89.3936 270.7355 13.19724970 18113
ONEWEB-0517             
1 54135U 22138Y   23061.06580671 -.00000331  00000+0 -85941-3 0  9997
2 54135  87.9367 184.2131 0001382  89.5545 270.5746 13.19725123 19016
ONEWEB-0517             
1 54135U 22138Y   23061.82397674  .00000068  00000+0  13665-3 0  9999
2 54135  87.9367 184.0639 0001353  89.9998 270.1290 13.19722658 18245
ONEWEB-0517             
1 54135U 22138Y   23062.35469423  .00000225  00000+0  53093-3 0  9994
2 54135  87.9360 183.9587 0001355  91.3250 268.8038 13.19723563 18316
ONEWEB-0517             
1 54135U 22138Y   23062.35469423  .00000225  00000+0  53093-3 0  9994
2 54135  87.9360 183.9587 0001355  91.3250 268.8038 13.19723563 19182
ONEWEB-0517             
1 54135U 22138Y   23062.88541373  .00000107  00000+0  23437-3 0  9995
2 54135  87.9357 183.8533 0001330  91.6563 268.4722 13.19722491 18387
