ONEWEB-0423             
1 51627U 22012F   23059.56245919  .00000025  00000+0  31865-4 0  9991
2 51627  87.9053 245.1404 0001756  92.7147 267.4185 13.17262139 55068
ONEWEB-0423             
1 51627U 22012F   23059.56245919  .00000025  00000+0  31865-4 0  9991
2 51627  87.9053 245.1404 0001756  92.7147 267.4185 13.17262139 56351
ONEWEB-0423             
1 51627U 22012F   23059.79033398  .00000029  00000+0  41858-4 0  9999
2 51627  87.9053 245.0950 0001768  92.8782 267.2551 13.17262773 55094
ONEWEB-0423             
1 51627U 22012F   23060.77779301  .00000113  00000+0  25871-3 0  9990
2 51627  87.9055 244.8986 0001863  94.2158 265.9186 13.17263001 55220
ONEWEB-0423             
1 51627U 22012F   23060.77779301  .00000113  00000+0  25871-3 0  9990
2 51627  87.9055 244.8986 0001863  94.2158 265.9186 13.17263001 56513
ONEWEB-0423             
1 51627U 22012F   23061.76525255  .00000104  00000+0  23610-3 0  9996
2 51627  87.9056 244.7017 0001824  93.6572 266.4768 13.17262912 55351
ONEWEB-0423             
1 51627U 22012F   23062.22100375 -.00000079  00000+0 -23841-3 0  9999
2 51627  87.9057 244.6109 0001821  93.7554 266.3785 13.17262717 56702
ONEWEB-0423             
1 51627U 22012F   23062.44887761  .00000082  00000+0  17808-3 0  9992
2 51627  87.9057 244.5654 0001808  93.7764 266.3575 13.17263951 55442
ONEWEB-0423             
1 51627U 22012F   23062.75271171  .00000050  00000+0  96204-4 0  9991
2 51627  87.9058 244.5049 0001811  93.8119 266.3219 13.17263401 55489
