ONEWEB-0264             
1 48982U 21060R   23059.55621465 -.00000575  00000+0 -15384-2 0  9994
2 48982  87.9027 108.6421 0001811 100.0616 260.0719 13.16593852 81088
ONEWEB-0264             
1 48982U 21060R   23059.86020333 -.00000521  00000+0 -13968-2 0  9992
2 48982  87.9025 108.5816 0001828  99.4594 260.6744 13.16592807 81125
ONEWEB-0264             
1 48982U 21060R   23060.16419158 -.00000560  00000+0 -14992-2 0  9995
2 48982  87.9027 108.5212 0001827  99.0950 261.0388 13.16592819 82457
ONEWEB-0264             
1 48982U 21060R   23060.84816537 -.00000380  00000+0 -10270-2 0  9997
2 48982  87.9022 108.3845 0001848  99.2034 260.9306 13.16591929 81256
ONEWEB-0264             
1 48982U 21060R   23061.60813749 -.00000034  00000+0 -12295-3 0  9990
2 48982  87.9023 108.2329 0001864  99.5556 260.5785 13.16590354 81352
ONEWEB-0264             
1 48982U 21060R   23062.29211283 -.00000024  00000+0 -95399-4 0  9997
2 48982  87.9021 108.0963 0001864  99.3551 260.7790 13.16589982 81448
ONEWEB-0264             
1 48982U 21060R   23062.29211283 -.00000024  00000+0 -95399-4 0  9997
2 48982  87.9021 108.0963 0001864  99.3551 260.7790 13.16589982 82731
ONEWEB-0264             
1 48982U 21060R   23062.82409250  .00000109  00000+0  25237-3 0  9994
2 48982  87.9020 107.9902 0001851  98.8045 261.3295 13.16590756 81512
