ONEWEB-0314             
1 49100U 21075AB  23059.51168120  .00000061  00000+0  12341-3 0  9992
2 49100  87.9071 245.2024 0002105 104.0450 256.0916 13.18095798 74921
ONEWEB-0314             
1 49100U 21075AB  23059.96714372  .00000072  00000+0  15057-3 0  9996
2 49100  87.9071 245.1116 0002117 103.8463 256.2905 13.18095847 75977
ONEWEB-0314             
1 49100U 21075AB  23060.87806889  .00000055  00000+0  10778-3 0  9999
2 49100  87.9074 244.9300 0002126 103.1540 256.9829 13.18095965 75109
ONEWEB-0314             
1 49100U 21075AB  23061.02989019  .00000022  00000+0  23102-4 0  9994
2 49100  87.9074 244.8997 0002122 103.0974 257.0395 13.18095558 76116
ONEWEB-0314             
1 49100U 21075AB  23061.78899362 -.00000006  00000+0 -47916-4 0  9991
2 49100  87.9073 244.7483 0002103 102.4199 257.7169 13.18096901 75225
ONEWEB-0314             
1 49100U 21075AB  23062.24445662  .00000073  00000+0  15411-3 0  9999
2 49100  87.9075 244.6576 0002105 102.1295 258.0073 13.18096092 76270
ONEWEB-0314             
1 49100U 21075AB  23062.47218818  .00000068  00000+0  14151-3 0  9999
2 49100  87.9076 244.6122 0002100 101.9901 258.1466 13.18095835 75319
ONEWEB-0314             
1 49100U 21075AB  23062.77582970  .00000031  00000+0  47307-4 0  9995
2 49100  87.9076 244.5516 0002106 101.9977 258.1391 13.18096293 75354
