ONEWEB-0617             
1 55158U 23004U   23059.25001157 -.01020315  00000+0 -34336+0 0  9994
2 55158  86.9234 265.4574 0010423  50.6530 199.7252 14.40525454  7365
ONEWEB-0617             
1 55158U 23004U   23059.58334491 -.00495524  00000+0 -16712+0 0  9995
2 55158  86.9276 265.3373 0010434  49.2486 128.2146 14.39710385  1307
ONEWEB-0617             
1 55158U 23004U   23059.58334491 -.00495524  00000+0 -16712+0 0  9995
2 55158  86.9276 265.3373 0010434  49.2486 128.2146 14.39710385  7415
ONEWEB-0617             
1 55158U 23004U   23059.91667824 -.00937217  00000+0 -32094+0 0  9992
2 55158  86.9326 265.2165 0010448  47.3923  56.4180 14.39381401  7467
ONEWEB-0617             
1 55158U 23004U   23060.25001157 -.01026429  00000+0 -35823+0 0  9990
2 55158  86.9383 265.0976 0010336  46.5050 343.0529 14.38728430  7510
ONEWEB-0617             
1 55158U 23004U   23060.91667824 -.00940094  00000+0 -33572+0 0  9993
2 55158  86.9497 264.8585 0010181  44.8996 193.6910 14.37291148  1301
ONEWEB-0617             
1 55158U 23004U   23060.91667824 -.00940094  00000+0 -33572+0 0  9993
2 55158  86.9497 264.8585 0010181  44.8996 193.6910 14.37291148  7600
ONEWEB-0617             
1 55158U 23004U   23061.83334491 -.00983717  00000+0 -36573+0 0  9999
2 55158  86.9653 264.5336 0009834  41.4337 254.1322 14.35407217  1305
ONEWEB-0617             
1 55158U 23004U   23061.83334491 -.00983717  00000+0 -36573+0 0  9999
2 55158  86.9653 264.5336 0009834  41.4337 254.1322 14.35407217  7749
ONEWEB-0617             
1 55158U 23004U   23062.58334491 -.00997044  00000+0 -38241+0 0  9994
2 55158  86.9779 264.2703 0009902  39.4928 167.1049 14.33870898  1304
ONEWEB-0617             
1 55158U 23004U   23062.91667824 -.00942704  00000+0 -36550+0 0  9994
2 55158  86.9835 264.1526 0010011  37.6419  88.0894 14.33139546  1304
ONEWEB-0617             
1 55158U 23004U   23062.91667824 -.00942704  00000+0 -36550+0 0  9994
2 55158  86.9835 264.1526 0010011  37.6419  88.0894 14.33139546  7894
