ONEWEB-0173             
1 48069U 21025AD  23059.15802031  .00003428  00000+0  93507-2 0  9998
2 48069  87.9080 199.7465 0001786 108.2503 251.8820 13.13453579 95611
ONEWEB-0173             
1 48069U 21025AD  23059.46272623  .00000222  00000+0  57358-3 0  9994
2 48069  87.9082 199.6863 0001693 123.8997 236.2293 13.13468854 95658
ONEWEB-0173             
1 48069U 21025AD  23059.91979181  .00000258  00000+0  67247-3 0  9994
2 48069  87.9080 199.5960 0001692 123.7330 236.3961 13.13470008 95716
ONEWEB-0173             
1 48069U 21025AD  23060.83392369  .00000301  00000+0  78967-3 0  9994
2 48069  87.9083 199.4153 0001752 123.5291 236.6006 13.13470085 95834
ONEWEB-0173             
1 48069U 21025AD  23060.91010153  .00000331  00000+0  87081-3 0  9991
2 48069  87.9082 199.4003 0001750 123.5700 236.5596 13.13469647 95846
ONEWEB-0173             
1 48069U 21025AD  23061.82423235  .00000303  00000+0  79575-3 0  9999
2 48069  87.9084 199.2196 0001773 123.1277 237.0022 13.13470188 95964
ONEWEB-0173             
1 48069U 21025AD  23062.35747296  .00000316  00000+0  82913-3 0  9998
2 48069  87.9088 199.1142 0001675 134.8328 225.2937 13.13470742 96034
ONEWEB-0173             
1 48069U 21025AD  23062.43365305  .00000492  00000+0  13116-2 0  9997
2 48069  87.9088 199.0991 0001967 118.7677 241.3650 13.13469670 96047
ONEWEB-0173             
1 48069U 21025AD  23062.89071745  .00000109  00000+0  26346-3 0  9994
2 48069  87.9092 199.0092 0001815 123.0720 237.0584 13.13470755 96105
