ONEWEB-0176             
1 48210U 21031A   23059.30978120  .00000058  00000+0  12157-3 0  9992
2 48210  87.9127 169.3841 0001780 111.1148 249.0172 13.14505495 90029
ONEWEB-0176             
1 48210U 21031A   23059.84260532  .00000012  00000+0 -20657-5 0  9999
2 48210  87.9126 169.2788 0001783 110.6832 249.4489 13.14505732 90090
ONEWEB-0176             
1 48210U 21031A   23060.07095828  .00000082  00000+0  18770-3 0  9997
2 48210  87.9127 169.2339 0001779 110.9731 249.1589 13.14505622 91412
ONEWEB-0176             
1 48210U 21031A   23060.83213471  .00000161  00000+0  39916-3 0  9990
2 48210  87.9128 169.0836 0001805 111.4416 248.6907 13.14505875 90225
ONEWEB-0176             
1 48210U 21031A   23061.82166391  .00000235  00000+0  59909-3 0  9994
2 48210  87.9128 168.8881 0001789 110.3420 249.7902 13.14505755 90354
ONEWEB-0176             
1 48210U 21031A   23061.82166391  .00000235  00000+0  59909-3 0  9994
2 48210  87.9128 168.8881 0001789 110.3420 249.7902 13.14505755 91647
ONEWEB-0176             
1 48210U 21031A   23062.35448661  .00000262  00000+0  67171-3 0  9996
2 48210  87.9130 168.7829 0001796 110.4815 249.6507 13.14506301 90421
