ONEWEB-0611             
1 54674U 22166AJ  23059.58334491 -.00638383  00000+0 -51239+0 0  9990
2 54674  87.1295 126.0819 0010821 331.9140   2.2239 13.93548501  1301
ONEWEB-0611             
1 54674U 22166AJ  23059.66667824 -.00668632  00000+0 -53889+0 0  9991
2 54674  87.1314 126.0559 0010876 331.7719  60.1539 13.93449283 12590
ONEWEB-0611             
1 54674U 22166AJ  23059.91667824 -.00709972  00000+0 -57279+0 0  9999
2 54674  87.1364 125.9789 0010640 331.6679 233.4333 13.93095087  1304
ONEWEB-0611             
1 54674U 22166AJ  23060.91667824 -.00715450  00000+0 -59137+0 0  9994
2 54674  87.1563 125.6691 0010550 327.0471 207.6225 13.91723002 12761
ONEWEB-0611             
1 54674U 22166AJ  23061.00001157 -.00662652  00000+0 -55150+0 0  9992
2 54674  87.1580 125.6435 0010497 326.1919 265.7265 13.91576273  1306
ONEWEB-0611             
1 54674U 22166AJ  23061.25001157 -.00450495  00000+0 -37371+0 0  9994
2 54674  87.1626 125.5662 0010627 324.6821  78.7432 13.91159211 12813
ONEWEB-0611             
1 54674U 22166AJ  23061.83334491 -.00745482  00000+0 -62945+0 0  9996
2 54674  87.1735 125.3876 0010635 323.4656 119.0421 13.90610490  1300
ONEWEB-0611             
1 54674U 22166AJ  23062.50001157 -.00667633  00000+0 -57521+0 0  9996
2 54674  87.1878 125.1834 0010558 320.9837 215.7461 13.89597312 12986
ONEWEB-0611             
1 54674U 22166AJ  23062.58334491 -.00654089  00000+0 -56415+0 0  9996
2 54674  87.1897 125.1581 0010520 320.2861 273.0532 13.89473129  1304
ONEWEB-0611             
1 54674U 22166AJ  23062.91667824 -.00709829  00000+0 -61470+0 0  9992
2 54674  87.1965 125.0581 0010572 319.4566 139.9645 13.89007621  1303
