ONEWEB-0304             
1 49092U 21075T   23059.52298407  .00000058  00000+0  11621-3 0  9991
2 49092  87.9078 245.1566 0001824  94.6147 265.5193 13.17915204 74937
ONEWEB-0304             
1 49092U 21075T   23059.52298407  .00000058  00000+0  11621-3 0  9991
2 49092  87.9078 245.1566 0001824  94.6147 265.5193 13.17915204 75916
ONEWEB-0304             
1 49092U 21075T   23059.90258853  .00000068  00000+0  14213-3 0  9995
2 49092  87.9079 245.0809 0001832  94.6867 265.4474 13.17915016 74982
ONEWEB-0304             
1 49092U 21075T   23060.81363852  .00000104  00000+0  23256-3 0  9991
2 49092  87.9078 244.8993 0001827  94.5579 265.5761 13.17915316 76081
ONEWEB-0304             
1 49092U 21075T   23060.88956015 -.00000010  00000+0 -59334-4 0  9992
2 49092  87.9079 244.8842 0001804  94.5157 265.6180 13.17914649 75119
ONEWEB-0304             
1 49092U 21075T   23061.80060953  .00000089  00000+0  19510-3 0  9997
2 49092  87.9079 244.7027 0001798  94.3382 265.7955 13.17915593 75236
ONEWEB-0304             
1 49092U 21075T   23062.48389792  .00000058  00000+0  11566-3 0  9996
2 49092  87.9080 244.5666 0001766  94.2985 265.8349 13.17914739 75327
ONEWEB-0304             
1 49092U 21075T   23062.48389792  .00000058  00000+0  11566-3 0  9996
2 49092  87.9080 244.5666 0001766  94.2985 265.8349 13.17914739 76306
ONEWEB-0304             
1 49092U 21075T   23062.86350172  .00000049  00000+0  92429-4 0  9996
2 49092  87.9082 244.4910 0001755  94.2672 265.8661 13.17915319 75378
