ONEWEB-0018             
1 45434U 20020L   23059.56713111 -.00000146  00000+0 -44679-3 0  9993
2 45434  87.8806 260.3719 0001363  88.1285 271.9999 13.11416808144752
ONEWEB-0018             
1 45434U 20020L   23059.79602205 -.00000138  00000+0 -42659-3 0  9996
2 45434  87.8807 260.3262 0001367  88.3986 271.7298 13.11416490144779
ONEWEB-0018             
1 45434U 20020L   23060.78788112  .00000119  00000+0  30014-3 0  9998
2 45434  87.8808 260.1282 0001382  89.2690 270.8596 13.11417028144903
ONEWEB-0018             
1 45434U 20020L   23060.78788112  .00000119  00000+0  30014-3 0  9998
2 45434  87.8808 260.1282 0001382  89.2690 270.8596 13.11417028144914
ONEWEB-0018             
1 45434U 20020L   23061.77974060  .00000310  00000+0  83841-3 0  9996
2 45434  87.8809 259.9303 0001350  89.4047 270.7235 13.11417242145039
ONEWEB-0018             
1 45434U 20020L   23062.23752209  .00000372  00000+0  10137-2 0  9992
2 45434  87.8809 259.8389 0001355  89.7250 270.4033 13.11417003145102
ONEWEB-0018             
1 45434U 20020L   23062.46641231  .00000416  00000+0  11376-2 0  9994
2 45434  87.8809 259.7932 0001342  89.6995 270.4287 13.11417420145122
ONEWEB-0018             
1 45434U 20020L   23062.84789575  .00000496  00000+0  13624-2 0  9996
2 45434  87.8810 259.7171 0001338  89.9415 270.1866 13.11418234145173
