ONEWEB-0580             
1 54648U 22166G   23059.58334491 -.00950502  00000+0 -63031+0 0  9994
2 54648  87.2015 125.7251 0012248 335.8507 250.6471 14.04548346  1301
ONEWEB-0580             
1 54648U 22166G   23059.66667824 -.00983596  00000+0 -65532+0 0  9999
2 54648  87.2029 125.6994 0012239 335.0045 312.5677 14.04396735 12691
ONEWEB-0580             
1 54648U 22166G   23059.91667824 -.01012320  00000+0 -68191+0 0  9990
2 54648  87.2079 125.6230 0012377 334.9415 135.5745 14.03878237  1307
ONEWEB-0580             
1 54648U 22166G   23060.58334491 -.00953072  00000+0 -65625+0 0  9992
2 54648  87.2214 125.4168 0012174 331.9533 264.1062 14.02456853 12824
ONEWEB-0580             
1 54648U 22166G   23061.00001157 -.00957241  00000+0 -66965+0 0  9990
2 54648  87.2295 125.2901 0012148 330.8274 206.9988 14.01582402  1308
ONEWEB-0580             
1 54648U 22166G   23061.25001157 -.01031570  00000+0 -73093+0 0  9996
2 54648  87.2345 125.2135 0012245 328.7246  29.5128 14.01109214 12916
ONEWEB-0580             
1 54648U 22166G   23061.83334491 -.01036371  00000+0 -75068+0 0  9998
2 54648  87.2460 125.0367 0012258 327.4441  89.9767 13.99884566 12999
ONEWEB-0580             
1 54648U 22166G   23061.83334491 -.01036371  00000+0 -75068+0 0  9998
2 54648  87.2460 125.0367 0012258 327.4441  89.9767 13.99884566  1302
ONEWEB-0580             
1 54648U 22166G   23062.41667824 -.01002962  00000+0 -74117+0 0  9995
2 54648  87.2575 124.8600 0012224 325.3968 148.6472 13.98642828 13075
ONEWEB-0580             
1 54648U 22166G   23062.58334491 -.00953166  00000+0 -70695+0 0  9991
2 54648  87.2609 124.8096 0012028 324.6885 267.9207 13.98272708  1304
ONEWEB-0580             
1 54648U 22166G   23062.91667824 -.01004643  00000+0 -75632+0 0  9991
2 54648  87.2672 124.7108 0012132 324.0026 145.1024 13.97596638  1308
