ONEWEB-0427             
1 50499U 21132AG  23059.43190518  .00000032  00000+0  48347-4 0  9990
2 50499  87.9221 214.8305 0001993 101.4259 258.7097 13.18688402 62833
ONEWEB-0427             
1 50499U 21132AG  23059.43190518  .00000032  00000+0  48347-4 0  9990
2 50499  87.9221 214.8305 0001993 101.4259 258.7097 13.18688402 64138
ONEWEB-0427             
1 50499U 21132AG  23059.88716299  .00000026  00000+0  34228-4 0  9995
2 50499  87.9223 214.7403 0002003 101.4031 258.7326 13.18688901 62899
ONEWEB-0427             
1 50499U 21132AG  23060.72180246  .00000122  00000+0  27756-3 0  9991
2 50499  87.9223 214.5749 0002045 101.1374 258.9988 13.18689093 64300
ONEWEB-0427             
1 50499U 21132AG  23060.87355640 -.00000009  00000+0 -55220-4 0  9993
2 50499  87.9223 214.5449 0002029 101.2144 258.9217 13.18687970 63020
ONEWEB-0427             
1 50499U 21132AG  23061.78407200  .00000062  00000+0  12490-3 0  9992
2 50499  87.9229 214.3646 0001985 100.4437 259.6919 13.18688742 63147
ONEWEB-0427             
1 50499U 21132AG  23062.39108314  .00000087  00000+0  18879-3 0  9998
2 50499  87.9230 214.2443 0001971 100.3083 259.8271 13.18688451 64527
ONEWEB-0427             
1 50499U 21132AG  23062.46695953  .00000047  00000+0  87403-4 0  9992
2 50499  87.9230 214.2293 0001977 100.2898 259.8457 13.18688570 63234
ONEWEB-0427             
1 50499U 21132AG  23062.84634147 -.00000017  00000+0 -75249-4 0  9996
2 50499  87.9232 214.1541 0001959 100.1860 259.9493 13.18688751 63286
