ONEWEB-0028             
1 45140U 20008K   23059.00613791  .00000569  00000+0  15692-2 0  9994
2 45140  87.8859 260.5023 0001332  61.6897 298.4365 13.11418158150663
ONEWEB-0028             
1 45140U 20008K   23059.54021484  .00000602  00000+0  16625-2 0  9990
2 45140  87.8860 260.3960 0001316  61.8651 298.2610 13.11418159150735
ONEWEB-0028             
1 45140U 20008K   23059.92169763  .00000574  00000+0  15849-2 0  9990
2 45140  87.8861 260.3201 0001311  62.7877 297.3384 13.11418808150783
ONEWEB-0028             
1 45140U 20008K   23060.07429117  .00000527  00000+0  14507-2 0  9998
2 45140  87.8860 260.2897 0001301  62.6707 297.4553 13.11418614150809
ONEWEB-0028             
1 45140U 20008K   23060.91355331  .00000355  00000+0  96449-3 0  9992
2 45140  87.8863 260.1227 0001252  62.7157 297.4098 13.11419408150911
ONEWEB-0028             
1 45140U 20008K   23061.82911050  .00000314  00000+0  85021-3 0  9998
2 45140  87.8865 259.9404 0001226  62.8427 297.2826 13.11420445151032
ONEWEB-0028             
1 45140U 20008K   23062.51577958  .00000096  00000+0  23517-3 0  9999
2 45140  87.8867 259.8039 0001189  63.7279 296.3971 13.11419570151128
ONEWEB-0028             
1 45140U 20008K   23062.82096480  .00000025  00000+0  33569-4 0  9990
2 45140  87.8868 259.7433 0001168  63.9269 296.1979 13.11420343151164
