ONEWEB-0509             
1 54127U 22138Q   23059.36416633  .00000125  00000+0  28036-3 0  9995
2 54127  87.9346 184.5667 0001545  97.3057 262.8251 13.19725000 17890
ONEWEB-0509             
1 54127U 22138Q   23059.36416633  .00000125  00000+0  28036-3 0  9995
2 54127  87.9346 184.5667 0001545  97.3057 262.8251 13.19725000 18767
ONEWEB-0509             
1 54127U 22138Q   23059.89488561 -.00000054  00000+0 -16744-3 0  9998
2 54127  87.9345 184.4618 0001534  97.3137 262.8170 13.19723801 17966
ONEWEB-0509             
1 54127U 22138Q   23060.88050381  .00000050  00000+0  91940-4 0  9990
2 54127  87.9345 184.2674 0001523  96.9583 263.1723 13.19724171 18098
ONEWEB-0509             
1 54127U 22138Q   23061.03213689  .00000116  00000+0  25737-3 0  9993
2 54127  87.9345 184.2375 0001524  96.9846 263.1460 13.19724704 18987
ONEWEB-0509             
1 54127U 22138Q   23061.79030582 -.00000005  00000+0 -45367-4 0  9996
2 54127  87.9344 184.0879 0001505  95.9222 264.2082 13.19724333 18215
ONEWEB-0509             
1 54127U 22138Q   23062.39683934  .00000040  00000+0  67199-4 0  9992
2 54127  87.9347 183.9684 0001518  97.5537 262.5768 13.19725700 18290
ONEWEB-0509             
1 54127U 22138Q   23062.39683934  .00000040  00000+0  67199-4 0  9992
2 54127  87.9347 183.9684 0001518  97.5537 262.5768 13.19725700 19167
ONEWEB-0509             
1 54127U 22138Q   23062.85174194 -.00000076  00000+0 -22282-3 0  9990
2 54127  87.9347 183.8787 0001496  98.2104 261.9199 13.19724124 18353
