ONEWEB-0220             
1 48232U 21031Y   23059.37955577  .00000170  00000+0  42379-3 0  9998
2 48232  87.9138 169.3698 0002137 112.9253 247.2103 13.14503968 90126
ONEWEB-0220             
1 48232U 21031Y   23059.83626297  .00000130  00000+0  31527-3 0  9992
2 48232  87.9136 169.2797 0002134 112.4096 247.7260 13.14503620 90180
ONEWEB-0220             
1 48232U 21031Y   23060.06461540  .00000248  00000+0  63392-3 0  9992
2 48232  87.9136 169.2347 0002146 112.8795 247.2561 13.14504363 90212
ONEWEB-0220             
1 48232U 21031Y   23060.29296837  .00000278  00000+0  71666-3 0  9998
2 48232  87.9136 169.1896 0002163 112.6963 247.4396 13.14504691 90249
ONEWEB-0220             
1 48232U 21031Y   23061.81532303  .00000158  00000+0  39137-3 0  9992
2 48232  87.9135 168.8890 0002198 111.9031 248.2333 13.14504125 90448
ONEWEB-0220             
1 48232U 21031Y   23062.34814571  .00000175  00000+0  43696-3 0  9995
2 48232  87.9135 168.7838 0002214 111.6781 248.4584 13.14505089 90515
