ONEWEB-0249             
1 48967U 21060A   23059.12029765  .00000107  00000+0  24572-3 0  9994
2 48967  87.9002 108.7415 0001981  98.3282 261.8073 13.16595832 82335
ONEWEB-0249             
1 48967U 21060A   23059.57627867  .00000053  00000+0  10440-3 0  9999
2 48967  87.9000 108.6504 0001984  98.8104 261.3251 13.16596153 81106
ONEWEB-0249             
1 48967U 21060A   23059.88026627  .00000053  00000+0  10461-3 0  9993
2 48967  87.8998 108.5897 0001977  98.6236 261.5119 13.16595789 81144
ONEWEB-0249             
1 48967U 21060A   23060.18425375 -.00000008  00000+0 -55210-4 0  9995
2 48967  87.8999 108.5291 0001988  98.1628 261.9728 13.16595946 82477
ONEWEB-0249             
1 48967U 21060A   23060.86822548  .00000053  00000+0  10463-3 0  9991
2 48967  87.8994 108.3924 0002005  98.3555 261.7803 13.16595632 81276
ONEWEB-0249             
1 48967U 21060A   23061.62819740 -.00000316  00000+0 -85935-3 0  9996
2 48967  87.8991 108.2406 0001983  98.1346 262.0010 13.16593187 81375
ONEWEB-0249             
1 48967U 21060A   23061.62819740 -.00000316  00000+0 -85935-3 0  9996
2 48967  87.8991 108.2406 0001983  98.1346 262.0010 13.16593187 82668
ONEWEB-0249             
1 48967U 21060A   23062.16017652 -.00000288  00000+0 -78578-3 0  9991
2 48967  87.8992 108.1345 0001989  97.5409 262.5948 13.16593056 81444
ONEWEB-0249             
1 48967U 21060A   23062.84415005 -.00000308  00000+0 -84055-3 0  9990
2 48967  87.8990 107.9980 0001991  97.0467 263.0890 13.16592922 81539
