ONEWEB-0413             
1 50490U 21132X   23059.49305548  .00000006  00000+0 -16828-4 0  9999
2 50490  87.9132 214.8881 0001367  82.3353 277.7934 13.18689338 62820
ONEWEB-0413             
1 50490U 21132X   23059.49305548  .00000006  00000+0 -16828-4 0  9999
2 50490  87.9132 214.8881 0001367  82.3353 277.7934 13.18689338 64114
ONEWEB-0413             
1 50490U 21132X   23059.87243719  .00000057  00000+0  11186-3 0  9998
2 50490  87.9134 214.8126 0001365  83.6034 276.5253 13.18689034 62871
ONEWEB-0413             
1 50490U 21132X   23060.70707658  .00000056  00000+0  10936-3 0  9990
2 50490  87.9135 214.6465 0001351  84.0174 276.1112 13.18689292 64273
ONEWEB-0413             
1 50490U 21132X   23060.85882963 -.00000020  00000+0 -82923-4 0  9998
2 50490  87.9135 214.6163 0001338  84.1435 275.9850 13.18689079 63003
ONEWEB-0413             
1 50490U 21132X   23061.69346895  .00000075  00000+0  15636-3 0  9994
2 50490  87.9137 214.4502 0001315  84.4859 275.6423 13.18689258 63112
ONEWEB-0413             
1 50490U 21132X   23062.37635523  .00000179  00000+0  42193-3 0  9992
2 50490  87.9138 214.3144 0001277  84.9025 275.2253 13.18689829 64494
ONEWEB-0413             
1 50490U 21132X   23062.45223169  .00000132  00000+0  30149-3 0  9997
2 50490  87.9138 214.2993 0001281  84.9794 275.1484 13.18689787 63210
ONEWEB-0413             
1 50490U 21132X   23062.83161382  .00000018  00000+0  12598-4 0  9999
2 50490  87.9139 214.2238 0001268  85.3777 274.7500 13.18689510 63267
