ONEWEB-0363             
1 49289U 21090L   23059.25594687 -.00000014  00000+0 -66455-4 0  9995
2 49289  87.9332 154.2648 0002174 101.9409 258.1968 13.20773748 72082
ONEWEB-0363             
1 49289U 21090L   23059.33170388  .00000004  00000+0 -21238-4 0  9990
2 49289  87.9332 154.2498 0002176 102.1039 258.0338 13.20773179 71266
ONEWEB-0363             
1 49289U 21090L   23059.78624393 -.00000027  00000+0 -98804-4 0  9998
2 49289  87.9332 154.1599 0002161 101.4844 258.6532 13.20773494 71326
ONEWEB-0363             
1 49289U 21090L   23060.31654008 -.00000009  00000+0 -52862-4 0  9999
2 49289  87.9333 154.0551 0002163 101.6995 258.4381 13.20774159 71391
ONEWEB-0363             
1 49289U 21090L   23060.31654008 -.00000009  00000+0 -52862-4 0  9999
2 49289  87.9333 154.0551 0002163 101.6995 258.4381 13.20774159 72224
ONEWEB-0363             
1 49289U 21090L   23061.30137764  .00000064  00000+0  12555-3 0  9997
2 49289  87.9333 153.8603 0002182 101.4589 258.6789 13.20773300 71520
ONEWEB-0363             
1 49289U 21090L   23062.28621602 -.00000121  00000+0 -32950-3 0  9991
2 49289  87.9332 153.6654 0002213 101.0841 259.0541 13.20772921 71658
ONEWEB-0363             
1 49289U 21090L   23062.28621602 -.00000121  00000+0 -32950-3 0  9991
2 49289  87.9332 153.6654 0002213 101.0841 259.0541 13.20772921 72480
