ONEWEB-0133             
1 47279U 20100X   23059.45800279  .00000422  00000+0  11375-2 0  9992
2 47279  87.8976 229.9855 0001451  96.5446 263.5848 13.12440972106715
ONEWEB-0133             
1 47279U 20100X   23059.53424053  .00000367  00000+0  98414-3 0  9991
2 47279  87.8976 229.9704 0001452  96.6211 263.5083 13.12440563106728
ONEWEB-0133             
1 47279U 20100X   23059.91542637  .00000430  00000+0  11592-2 0  9994
2 47279  87.8976 229.8948 0001465  97.3016 262.8279 13.12441105106779
ONEWEB-0133             
1 47279U 20100X   23060.83027243  .00000398  00000+0  10713-2 0  9995
2 47279  87.8980 229.7133 0001460  97.6708 262.4586 13.12441794106899
ONEWEB-0133             
1 47279U 20100X   23060.90651014  .00000274  00000+0  72752-3 0  9997
2 47279  87.8980 229.6982 0001453  97.7930 262.3364 13.12441552106907
ONEWEB-0133             
1 47279U 20100X   23061.82135505  .00000298  00000+0  79301-3 0  9994
2 47279  87.8983 229.5168 0001445  97.9490 262.1803 13.12442207107027
ONEWEB-0133             
1 47279U 20100X   23062.35501435  .00000289  00000+0  76922-3 0  9998
2 47279  87.8984 229.4110 0001405  98.0798 262.0490 13.12442500107097
ONEWEB-0133             
1 47279U 20100X   23062.43125250  .00000139  00000+0  35232-3 0  9997
2 47279  87.8984 229.3959 0001413  98.0716 262.0572 13.12441646107109
ONEWEB-0133             
1 47279U 20100X   23062.88867482 -.00000078  00000+0 -25311-3 0  9997
2 47279  87.8985 229.3052 0001410  98.6652 261.4637 13.12442437107166
