ONEWEB-0285             
1 49075U 21075A   23059.51624427  .00000034  00000+0  58131-4 0  9998
2 49075  87.8931 229.9693 0001412  96.7026 263.4263 13.12445454 77194
ONEWEB-0285             
1 49075U 21075A   23059.89742839 -.00000036  00000+0 -13582-3 0  9991
2 49075  87.8932 229.8935 0001407  97.2378 262.8910 13.12445838 78226
ONEWEB-0285             
1 49075U 21075A   23060.88850869 -.00000208  00000+0 -61227-3 0  9995
2 49075  87.8930 229.6964 0001413  97.8340 262.2949 13.12445139 77371
ONEWEB-0285             
1 49075U 21075A   23060.96474520 -.00000214  00000+0 -62911-3 0  9998
2 49075  87.8931 229.6813 0001410  97.9165 262.2123 13.12445662 78363
ONEWEB-0285             
1 49075U 21075A   23061.72711475 -.00000309  00000+0 -89298-3 0  9998
2 49075  87.8933 229.5298 0001402  98.0631 262.0656 13.12445276 77484
ONEWEB-0285             
1 49075U 21075A   23062.18453666 -.00000337  00000+0 -97079-3 0  9991
2 49075  87.8936 229.4391 0001386  98.4742 261.6544 13.12445055 78520
ONEWEB-0285             
1 49075U 21075A   23062.48948456 -.00000278  00000+0 -80944-3 0  9997
2 49075  87.8937 229.3786 0001391  98.7291 261.3995 13.12444913 77580
ONEWEB-0285             
1 49075U 21075A   23062.87066998 -.00000378  00000+0 -10860-2 0  9992
2 49075  87.8939 229.3031 0001383  99.1157 261.0128 13.12444822 77632
