ONEWEB-0275             
1 48993U 21060AC  23059.14565799  .00000483  00000+0  12285-2 0  9991
2 48993  87.9012 108.7504 0001837 101.5257 258.6080 13.16596476 82284
ONEWEB-0275             
1 48993U 21060AC  23059.52564211  .00000042  00000+0  77002-4 0  9992
2 48993  87.9009 108.6745 0001771 101.5969 258.5361 13.16598007 81049
ONEWEB-0275             
1 48993U 21060AC  23059.82962880  .00000072  00000+0  15424-3 0  9991
2 48993  87.9009 108.6139 0001774 101.6283 258.5047 13.16598440 81085
ONEWEB-0275             
1 48993U 21060AC  23060.20961280  .00000013  00000+0  12900-5 0  9991
2 48993  87.9013 108.5380 0001777 100.9026 259.2305 13.16598439 82429
ONEWEB-0275             
1 48993U 21060AC  23060.89358381  .00000044  00000+0  81077-4 0  9992
2 48993  87.9012 108.4017 0001804 101.9204 258.2130 13.16598075 81222
ONEWEB-0275             
1 48993U 21060AC  23061.57755407  .00000093  00000+0  21038-3 0  9992
2 48993  87.9010 108.2653 0001796 102.5246 257.6085 13.16598319 81310
ONEWEB-0275             
1 48993U 21060AC  23062.18552768  .00000128  00000+0  29996-3 0  9995
2 48993  87.9008 108.1440 0001814 102.3571 257.7763 13.16598492 81394
ONEWEB-0275             
1 48993U 21060AC  23062.18552768  .00000128  00000+0  29996-3 0  9995
2 48993  87.9008 108.1440 0001814 102.3571 257.7763 13.16598492 82687
ONEWEB-0275             
1 48993U 21060AC  23062.86949835  .00000101  00000+0  23116-3 0  9994
2 48993  87.9005 108.0074 0001807 102.2863 257.8470 13.16598224 81487
