ONEWEB-0584             
1 54651U 22166K   23059.58334491 -.00983325  00000+0 -70941+0 0  9995
2 54651  87.1630 125.7360 0007681 331.1142 309.6155 13.99957634  1308
ONEWEB-0584             
1 54651U 22166K   23059.91667824 -.01040653  00000+0 -76264+0 0  9994
2 54651  87.1695 125.6330 0007686 331.3475 187.8839 13.99261008  1309
ONEWEB-0584             
1 54651U 22166K   23060.25001157 -.01066687  00000+0 -79261+0 0  9999
2 54651  87.1764 125.5293 0007810 328.4415  68.4173 13.98563409 12769
ONEWEB-0584             
1 54651U 22166K   23060.91667824 -.01038619  00000+0 -79074+0 0  9997
2 54651  87.1892 125.3239 0007578 327.7757 181.7789 13.97091560 12856
ONEWEB-0584             
1 54651U 22166K   23061.00001157 -.00994365  00000+0 -75782+0 0  9999
2 54651  87.1911 125.2983 0007454 327.1375 241.2645 13.96887764  1305
ONEWEB-0584             
1 54651U 22166K   23061.83334491 -.01077240  00000+0 -85075+0 0  9991
2 54651  87.2073 125.0434 0007639 323.8114 110.0185 13.95128780  1300
ONEWEB-0584             
1 54651U 22166K   23062.50001157 -.00618586  00000+0 -49468+0 0  9995
2 54651  87.2183 124.8402 0007409 320.4227 217.8620 13.93683425 13074
ONEWEB-0584             
1 54651U 22166K   23062.58334491 -.00853745  00000+0 -68856+0 0  9993
2 54651  87.2199 124.8150 0007361 319.6497 276.4350 13.93685107  1300
ONEWEB-0584             
1 54651U 22166K   23062.91667824 -.01031992  00000+0 -84265+0 0  9994
2 54651  87.2256 124.7154 0007466 319.6570 147.4752 13.93067066  1306
ONEWEB-0584             
1 54651U 22166K   23062.91667824 -.01031992  00000+0 -84265+0 0  9994
2 54651  87.2256 124.7154 0007466 319.6570 147.4752 13.93067066 13130
