ONEWEB-0340             
1 49206U 21083W   23059.44247148  .00000064  00000+0  12872-3 0  9990
2 49206  87.9228 214.8277 0001760  99.8937 260.2394 13.18684259 71190
ONEWEB-0340             
1 49206U 21083W   23059.67010001  .00000223  00000+0  53241-3 0  9993
2 49206  87.9229 214.7827 0001769  99.9012 260.2320 13.18685362 72517
ONEWEB-0340             
1 49206U 21083W   23059.89772951  .00000207  00000+0  49235-3 0  9996
2 49206  87.9231 214.7376 0001772 100.0116 260.1216 13.18685647 71251
ONEWEB-0340             
1 49206U 21083W   23060.88412379  .00000155  00000+0  35973-3 0  9998
2 49206  87.9232 214.5423 0001764  99.6405 260.4926 13.18686100 71388
ONEWEB-0340             
1 49206U 21083W   23061.11175281  .00000260  00000+0  62699-3 0  9995
2 49206  87.9231 214.4973 0001760  99.4216 260.7116 13.18686352 72700
ONEWEB-0340             
1 49206U 21083W   23061.79464184 -.00000123  00000+0 -34404-3 0  9995
2 49206  87.9234 214.3620 0001701  99.4335 260.6989 13.18686447 71507
ONEWEB-0340             
1 49206U 21083W   23062.40165170  .00000119  00000+0  26976-3 0  9995
2 49206  87.9235 214.2418 0001708  99.1923 260.9402 13.18687754 72875
ONEWEB-0340             
1 49206U 21083W   23062.47752829  .00000074  00000+0  15525-3 0  9993
2 49206  87.9235 214.2267 0001709  99.2054 260.9272 13.18687666 71599
ONEWEB-0340             
1 49206U 21083W   23062.85691104 -.00000035  00000+0 -12238-3 0  9990
2 49206  87.9236 214.1516 0001702  99.4662 260.6662 13.18687263 71645
