ONEWEB-0492             
1 54114U 22138B   23059.35361343  .00000048  00000+0  87927-4 0  9996
2 54114  87.9364 184.5523 0001216 109.9747 250.1516 13.19723839 17924
ONEWEB-0492             
1 54114U 22138B   23059.35361343  .00000048  00000+0  87927-4 0  9996
2 54114  87.9364 184.5523 0001216 109.9747 250.1516 13.19723839 18790
ONEWEB-0492             
1 54114U 22138B   23059.88433280 -.00000068  00000+0 -20150-3 0  9992
2 54114  87.9362 184.4475 0001202 109.2198 250.9065 13.19723081 17998
ONEWEB-0492             
1 54114U 22138B   23060.41505012  .00000081  00000+0  16923-3 0  9992
2 54114  87.9362 184.3429 0001204 109.8922 250.2341 13.19723679 18937
ONEWEB-0492             
1 54114U 22138B   23060.86995221  .00000015  00000+0  63664-5 0  9999
2 54114  87.9363 184.2532 0001190 110.0247 250.1014 13.19723005 18120
ONEWEB-0492             
1 54114U 22138B   23061.40066983  .00000095  00000+0  20607-3 0  9990
2 54114  87.9364 184.1487 0001222 111.5410 248.5853 13.19723732 18199
ONEWEB-0492             
1 54114U 22138B   23062.38628997  .00000044  00000+0  77155-4 0  9992
2 54114  87.9366 183.9544 0001227 113.0921 247.0341 13.19723947 18320
ONEWEB-0492             
1 54114U 22138B   23062.38628997  .00000044  00000+0  77155-4 0  9992
2 54114  87.9366 183.9544 0001227 113.0921 247.0341 13.19723947 19196
ONEWEB-0492             
1 54114U 22138B   23062.84119272 -.00000045  00000+0 -14367-3 0  9992
2 54114  87.9368 183.8647 0001232 114.4357 245.6904 13.19722841 18386
