ONEWEB-0058             
1 45161U 20008AG  23059.51803079  .00000516  00000+0  14417-2 0  9999
2 45161  87.8759 275.6638 0001388  82.0504 278.0781 13.10374138150650
ONEWEB-0058             
1 45161U 20008AG  23059.51803079  .00000516  00000+0  14417-2 0  9999
2 45161  87.8759 275.6638 0001388  82.0504 278.0781 13.10374138151404
ONEWEB-0058             
1 45161U 20008AG  23059.89981906  .00000488  00000+0  13608-2 0  9995
2 45161  87.8759 275.5876 0001389  82.0681 278.0604 13.10373912150709
ONEWEB-0058             
1 45161U 20008AG  23060.81610783  .00000649  00000+0  18218-2 0  9992
2 45161  87.8757 275.4043 0001406  83.7764 276.3523 13.10375520151576
ONEWEB-0058             
1 45161U 20008AG  23060.89246514  .00000676  00000+0  19008-2 0  9995
2 45161  87.8757 275.3893 0001404  82.1942 277.9345 13.10375703150837
ONEWEB-0058             
1 45161U 20008AG  23061.57968142  .00000720  00000+0  20252-2 0  9992
2 45161  87.8759 275.2521 0001380  82.1419 277.9865 13.10376373150929
ONEWEB-0058             
1 45161U 20008AG  23062.11418277  .00000701  00000+0  19703-2 0  9990
2 45161  87.8759 275.1454 0001378  82.7464 277.3820 13.10376667150994
ONEWEB-0058             
1 45161U 20008AG  23062.11418277  .00000701  00000+0  19703-2 0  9990
2 45161  87.8759 275.1454 0001378  82.7464 277.3820 13.10376667151748
ONEWEB-0058             
1 45161U 20008AG  23062.87775511  .00000631  00000+0  17709-2 0  9996
2 45161  87.8760 274.9929 0001358  83.0633 277.0648 13.10377517151092
