ONEWEB-0229             
1 48779U 21045N   23059.15970241 -.00000007  00000+0 -51440-4 0  9991
2 48779  87.9090 139.1449 0001510 112.3938 247.7352 13.15547830 85971
ONEWEB-0229             
1 48779U 21045N   23059.15970241 -.00000007  00000+0 -51440-4 0  9991
2 48779  87.9090 139.1449 0001510 112.3938 247.7352 13.15547830 87108
ONEWEB-0229             
1 48779U 21045N   23059.92027655  .00000044  00000+0  83441-4 0  9993
2 48779  87.9087 138.9938 0001506 111.2765 248.8526 13.15548136 86075
ONEWEB-0229             
1 48779U 21045N   23060.22450672  .00000019  00000+0  15239-4 0  9999
2 48779  87.9087 138.9335 0001517 111.3307 248.7985 13.15547697 87240
ONEWEB-0229             
1 48779U 21045N   23060.90902324  .00000123  00000+0  29279-3 0  9994
2 48779  87.9086 138.7977 0001534 111.1893 248.9401 13.15547968 86207
ONEWEB-0229             
1 48779U 21045N   23061.59354304  .00000753  00000+0  19650-2 0  9999
2 48779  87.9085 138.6617 0001870 111.3569 248.7761 13.15542843 86294
ONEWEB-0229             
1 48779U 21045N   23062.27805652  .00000172  00000+0  42181-3 0  9993
2 48779  87.9084 138.5262 0001543 111.6711 248.4583 13.15548230 86382
ONEWEB-0229             
1 48779U 21045N   23062.27805652  .00000172  00000+0  42181-3 0  9993
2 48779  87.9084 138.5262 0001543 111.6711 248.4583 13.15548230 87518
