ONEWEB-0017             
1 45132U 20008B   23059.53669219 -.00000432  00000+0 -12732-2 0  9992
2 45132  87.8750 275.6301 0001488  96.4021 263.7276 13.10370807150187
ONEWEB-0017             
1 45132U 20008B   23059.84212342 -.00000275  00000+0 -82280-3 0  9998
2 45132  87.8749 275.5691 0001497  96.4640 263.6658 13.10369907150220
ONEWEB-0017             
1 45132U 20008B   23060.83477445 -.00000128  00000+0 -40293-3 0  9991
2 45132  87.8749 275.3712 0001485  95.7663 264.3634 13.10369994150358
ONEWEB-0017             
1 45132U 20008B   23060.83477445 -.00000128  00000+0 -40293-3 0  9991
2 45132  87.8749 275.3712 0001485  95.7663 264.3634 13.10369994151124
ONEWEB-0017             
1 45132U 20008B   23061.82742652  .00000055  00000+0  12089-3 0  9995
2 45132  87.8749 275.1729 0001484  96.1025 264.0271 13.10369447150481
ONEWEB-0017             
1 45132U 20008B   23062.13285704  .00000193  00000+0  51620-3 0  9997
2 45132  87.8748 275.1119 0001504  96.4578 263.6720 13.10370359150525
ONEWEB-0017             
1 45132U 20008B   23062.13285704  .00000193  00000+0  51620-3 0  9997
2 45132  87.8748 275.1119 0001504  96.4578 263.6720 13.10370359151290
ONEWEB-0017             
1 45132U 20008B   23062.82007764  .00000322  00000+0  88711-3 0  9996
2 45132  87.8749 274.9744 0001520  97.5262 262.6038 13.10369849150610
