ONEWEB-0101             
1 48049U 21025H   23059.47119938  .00000024  00000+0  30898-4 0  9993
2 48049  87.9073 199.6423 0001633 111.3255 248.8048 13.13469959 95352
ONEWEB-0101             
1 48049U 21025H   23059.85208835  .00000108  00000+0  26116-3 0  9990
2 48049  87.9077 199.5670 0001616 110.9630 249.1672 13.13469425 95403
ONEWEB-0101             
1 48049U 21025H   23060.69004276  .00000225  00000+0  58019-3 0  9994
2 48049  87.9077 199.4014 0001638 110.9968 249.1336 13.13469857 95510
ONEWEB-0101             
1 48049U 21025H   23060.84239867  .00000205  00000+0  52612-3 0  9998
2 48049  87.9078 199.3712 0001632 110.3559 249.7746 13.13469385 95538
ONEWEB-0101             
1 48049U 21025H   23061.83270799  .00000216  00000+0  55725-3 0  9997
2 48049  87.9078 199.1759 0001632 112.9230 247.2072 13.13469792 95662
ONEWEB-0101             
1 48049U 21025H   23062.44212757  .00000404  00000+0  10722-2 0  9991
2 48049  87.9076 199.0554 0001667 113.0256 247.1049 13.13470885 95747
ONEWEB-0101             
1 48049U 21025H   23062.67066006  .00000413  00000+0  10970-2 0  9995
2 48049  87.9077 199.0102 0001672 113.0650 247.0655 13.13471106 95773
