ONEWEB-0621             
1 55162U 23004Y   23059.58334491 -.01285706  00000+0 -91783+0 0  9991
2 55162  87.1406 266.4473 0008032  51.3167 262.4496 14.00912733  1302
ONEWEB-0621             
1 55162U 23004Y   23059.75001157 -.01321883  00000+0 -95270+0 0  9992
2 55162  87.1445 266.3942 0008235  49.1763  24.4799 14.00476243  7351
ONEWEB-0621             
1 55162U 23004Y   23059.91667824 -.01240927  00000+0 -89860+0 0  9996
2 55162  87.1481 266.3415 0008346  50.4108 142.8773 13.99980728  1308
ONEWEB-0621             
1 55162U 23004Y   23060.25001157 -.01317698  00000+0 -97235+0 0  9991
2 55162  87.1554 266.2383 0008329  48.0115  23.6969 13.99131330  7423
ONEWEB-0621             
1 55162U 23004Y   23060.91667824 -.01255646  00000+0 -95414+0 0  9994
2 55162  87.1695 266.0299 0008364  47.0549 138.3172 13.97292425  1304
ONEWEB-0621             
1 55162U 23004Y   23060.91667824 -.01255646  00000+0 -95414+0 0  9994
2 55162  87.1695 266.0299 0008364  47.0549 138.3172 13.97292425  7513
ONEWEB-0621             
1 55162U 23004Y   23061.83334491  .00000017  00000+0  00000+0 0  9991
2 55162  87.1864 265.7476 0008356  43.2405  66.8767 13.95131021  1302
ONEWEB-0621             
1 55162U 23004Y   23062.58334491  .00000017  00000+0  00000+0 0  9994
2 55162  87.2018 265.5195 0008130  42.4437 229.5219 13.93155535  1300
ONEWEB-0621             
1 55162U 23004Y   23062.58334491  .00000017  00000+0  00000+0 0  9994
2 55162  87.2018 265.5195 0008130  42.4437 229.5219 13.93155535  7755
ONEWEB-0621             
1 55162U 23004Y   23062.66667824  .00000017  00000+0  00000+0 0  9992
2 55162  87.2034 265.4938 0008098  41.0470 288.5680 13.92949926  7764
