ONEWEB-0359             
1 49285U 21090G   23059.26645377  .00000049  00000+0  89020-4 0  9994
2 49285  87.9328 154.2763 0002168 120.4687 239.6661 13.20772432 71484
ONEWEB-0359             
1 49285U 21090G   23059.79675172 -.00000097  00000+0 -26960-3 0  9996
2 49285  87.9326 154.1713 0002173 119.5646 240.5704 13.20772041 72831
ONEWEB-0359             
1 49285U 21090G   23060.32704800 -.00000025  00000+0 -92325-4 0  9998
2 49285  87.9328 154.0666 0002203 119.7969 240.3383 13.20772816 71620
ONEWEB-0359             
1 49285U 21090G   23061.16036699 -.00000647  00000+0 -16245-2 0  9990
2 49285  87.9329 153.9017 0002189 119.8692 240.2659 13.20770393 73014
ONEWEB-0359             
1 49285U 21090G   23061.61490861 -.00000694  00000+0 -17387-2 0  9995
2 49285  87.9332 153.8118 0002207 119.4479 240.6875 13.20769397 71798
ONEWEB-0359             
1 49285U 21090G   23062.29672027 -.00000812  00000+0 -20283-2 0  9997
2 49285  87.9331 153.6770 0002240 118.7117 241.4242 13.20769682 71881
ONEWEB-0359             
1 49285U 21090G   23062.29672027 -.00000812  00000+0 -20283-2 0  9997
2 49285  87.9331 153.6770 0002240 118.7117 241.4242 13.20769682 73164
