ONEWEB-0448             
1 51641U 22012V   23059.02558263 -.00000167  00000+0 -51486-3 0  9996
2 51641  87.8763 275.7260 0001307  76.2589 283.8684 13.10376374 52758
ONEWEB-0448             
1 51641U 22012V   23059.56008366 -.00000315  00000+0 -93825-3 0  9997
2 51641  87.8763 275.6196 0001293  77.6033 282.5239 13.10375594 51538
ONEWEB-0448             
1 51641U 22012V   23059.86551242 -.00000347  00000+0 -10314-2 0  9992
2 51641  87.8763 275.5585 0001289  77.4138 282.7134 13.10375601 51577
ONEWEB-0448             
1 51641U 22012V   23060.09458379 -.00000308  00000+0 -91841-3 0  9998
2 51641  87.8758 275.5126 0001298  77.4512 282.6761 13.10375585 52890
ONEWEB-0448             
1 51641U 22012V   23060.85815682 -.00000493  00000+0 -14494-2 0  9999
2 51641  87.8759 275.3601 0001293  78.2242 281.9030 13.10375022 51707
ONEWEB-0448             
1 51641U 22012V   23061.62172992 -.00000559  00000+0 -16374-2 0  9997
2 51641  87.8756 275.2075 0001274  79.1226 281.0045 13.10374637 51808
ONEWEB-0448             
1 51641U 22012V   23062.30894663 -.00000618  00000+0 -18068-2 0  9997
2 51641  87.8754 275.0702 0001271  79.9173 280.2097 13.10373867 51898
ONEWEB-0448             
1 51641U 22012V   23062.30894663 -.00000618  00000+0 -18068-2 0  9997
2 51641  87.8754 275.0702 0001271  79.9173 280.2097 13.10373867 53182
ONEWEB-0448             
1 51641U 22012V   23062.84344887 -.00000598  00000+0 -17496-2 0  9995
2 51641  87.8753 274.9636 0001264  80.7073 279.4198 13.10373253 51961
