ONEWEB-0086             
1 45456U 20020AJ  23059.04426193 -.00000521  00000+0 -15050-2 0  9998
2 45456  87.8807 260.4764 0001362  85.9353 274.1931 13.11415163144651
ONEWEB-0086             
1 45456U 20020AJ  23059.57833952 -.00000481  00000+0 -13920-2 0  9990
2 45456  87.8805 260.3696 0001354  86.0881 274.0402 13.11415329144725
ONEWEB-0086             
1 45456U 20020AJ  23059.80723056 -.00000507  00000+0 -14676-2 0  9997
2 45456  87.8805 260.3240 0001358  86.3053 273.8230 13.11414867144753
ONEWEB-0086             
1 45456U 20020AJ  23060.11241799 -.00000417  00000+0 -12136-2 0  9991
2 45456  87.8805 260.2632 0001355  86.5148 273.6135 13.11414872144793
ONEWEB-0086             
1 45456U 20020AJ  23060.79909021 -.00000226  00000+0 -67222-3 0  9999
2 45456  87.8805 260.1259 0001368  87.6169 272.5115 13.11414681144880
ONEWEB-0086             
1 45456U 20020AJ  23061.79095171 -.00000137  00000+0 -42252-3 0  9999
2 45456  87.8805 259.9281 0001342  87.8699 272.2583 13.11414245145011
ONEWEB-0086             
1 45456U 20020AJ  23062.47762546 -.00000034  00000+0 -13176-3 0  9991
2 45456  87.8805 259.7911 0001343  88.6909 271.4373 13.11413877145101
ONEWEB-0086             
1 45456U 20020AJ  23062.78281349  .00000017  00000+0  11619-4 0  9992
2 45456  87.8805 259.7301 0001341  89.0057 271.1224 13.11414109145146
