ONEWEB-0131             
1 47277U 20100V   23059.48763827 -.00000190  00000+0 -56388-3 0  9998
2 47277  87.8937 229.9390 0001397  97.2580 262.8707 13.12441984106664
ONEWEB-0131             
1 47277U 20100V   23059.86882532 -.00000216  00000+0 -63482-3 0  9997
2 47277  87.8939 229.8633 0001397  97.5872 262.5415 13.12441639106718
ONEWEB-0131             
1 47277U 20100V   23060.02130021 -.00000222  00000+0 -65257-3 0  9995
2 47277  87.8939 229.8330 0001399  97.5727 262.5560 13.12441416106739
ONEWEB-0131             
1 47277U 20100V   23060.85991123 -.00000089  00000+0 -28323-3 0  9998
2 47277  87.8942 229.6665 0001398  98.2794 261.8493 13.12441018106840
ONEWEB-0131             
1 47277U 20100V   23061.77475796  .00000273  00000+0  72362-3 0  9998
2 47277  87.8942 229.4849 0001414  98.6467 261.4822 13.12442240106965
ONEWEB-0131             
1 47277U 20100V   23062.46089401  .00000340  00000+0  90898-3 0  9998
2 47277  87.8942 229.3485 0001379  98.8819 261.2465 13.12442500107054
ONEWEB-0131             
1 47277U 20100V   23062.84208146  .00000274  00000+0  72568-3 0  9999
2 47277  87.8944 229.2729 0001365  99.2790 260.8493 13.12441814107103
