ONEWEB-0273             
1 48991U 21060AA  23059.51083983  .00000022  00000+0  24515-4 0  9990
2 48991  87.9007 108.6770 0001616 102.0518 258.0794 13.16597034 81074
ONEWEB-0273             
1 48991U 21060AA  23059.58683629  .00000060  00000+0  12324-3 0  9996
2 48991  87.9006 108.6619 0001624 102.2175 257.9137 13.16597331 82389
ONEWEB-0273             
1 48991U 21060AA  23059.89082428  .00000093  00000+0  20890-3 0  9993
2 48991  87.9005 108.6012 0001626 102.2143 257.9170 13.16596274 81125
ONEWEB-0273             
1 48991U 21060AA  23060.87878258  .00000139  00000+0  33039-3 0  9997
2 48991  87.9006 108.4040 0001650 102.3736 257.7580 13.16596573 81250
ONEWEB-0273             
1 48991U 21060AA  23061.10677311  .00000124  00000+0  29118-3 0  9998
2 48991  87.9006 108.3585 0001658 102.3342 257.7975 13.16596539 82581
ONEWEB-0273             
1 48991U 21060AA  23061.56275402  .00000073  00000+0  15638-3 0  9998
2 48991  87.9005 108.2674 0001679 103.0007 257.1311 13.16596541 81341
ONEWEB-0273             
1 48991U 21060AA  23062.17072845  .00000045  00000+0  83711-4 0  9999
2 48991  87.9003 108.1461 0001688 102.6599 257.4721 13.16596654 81425
ONEWEB-0273             
1 48991U 21060AA  23062.17072845  .00000045  00000+0  83711-4 0  9999
2 48991  87.9003 108.1461 0001688 102.6599 257.4721 13.16596654 82729
ONEWEB-0273             
1 48991U 21060AA  23062.85470217 -.00000223  00000+0 -61670-3 0  9998
2 48991  87.9000 108.0095 0001686 102.3788 257.7531 13.16594833 81518
