ONEWEB-0391             
1 50471U 21132C   23059.54929119  .00000024  00000+0  29254-4 0  9996
2 50471  87.9074 245.1153 0001969  94.6956 265.4400 13.17480263 59447
ONEWEB-0391             
1 50471U 21132C   23059.77712895 -.00000067  00000+0 -20534-3 0  9992
2 50471  87.9074 245.0699 0001968  94.6308 265.5049 13.17480472 59476
ONEWEB-0391             
1 50471U 21132C   23060.00496542  .00000100  00000+0  22471-3 0  9996
2 50471  87.9074 245.0245 0001985  94.5360 265.5998 13.17481421 60794
ONEWEB-0391             
1 50471U 21132C   23060.76442419  .00000045  00000+0  82677-4 0  9996
2 50471  87.9075 244.8731 0002000  94.2704 265.8656 13.17481547 59601
ONEWEB-0391             
1 50471U 21132C   23061.06820832  .00000026  00000+0  34012-4 0  9998
2 50471  87.9076 244.8126 0001987  94.0706 266.0652 13.17480728 60930
ONEWEB-0391             
1 50471U 21132C   23061.75172046  .00000072  00000+0  15280-3 0  9997
2 50471  87.9077 244.6764 0001996  93.9926 266.1434 13.17481420 59734
ONEWEB-0391             
1 50471U 21132C   23062.20739543 -.00000006  00000+0 -48388-4 0  9994
2 50471  87.9079 244.5857 0001985  93.9350 266.2008 13.17481904 61083
ONEWEB-0391             
1 50471U 21132C   23062.43523295  .00000091  00000+0  20162-3 0  9995
2 50471  87.9079 244.5403 0001972  93.8129 266.3227 13.17481525 59821
ONEWEB-0391             
1 50471U 21132C   23062.89090855  .00000019  00000+0  15324-4 0  9991
2 50471  87.9080 244.4496 0001969  93.7403 266.3954 13.17481139 59888
