ONEWEB-0026             
1 45139U 20008J   23059.05089553 -.00113466  00000+0 -32549+0 0  9990
2 45139  87.8839 260.4493 0001953 105.9394 254.1950 13.11128681154046
ONEWEB-0026             
1 45139U 20008J   23059.50870477 -.00114160  00000+0 -32770+0 0  9991
2 45139  87.8825 260.3571 0000454 250.8480 109.2599 13.11088518154108
ONEWEB-0026             
1 45139U 20008J   23059.58495449 -.00110045  00000+0 -31549+0 0  9992
2 45139  87.8843 260.3429 0001707 102.1987 257.9332 13.11144407153221
ONEWEB-0026             
1 45139U 20008J   23059.81385856 -.00111283  00000+0 -31915+0 0  9990
2 45139  87.8856 260.2971 0001611  98.1787 261.9524 13.11129603154143
ONEWEB-0026             
1 45139U 20008J   23060.11902779 -.00113184  00000+0 -32455+0 0  9996
2 45139  87.8862 260.2355 0000962 113.9257 246.1971 13.11155068154181
ONEWEB-0026             
1 45139U 20008J   23060.50054960 -.00111972  00000+0 -32131+0 0  9993
2 45139  87.8816 260.1598 0001905 161.8112 198.3085 13.11094825154231
ONEWEB-0026             
1 45139U 20008J   23060.80571714 -.00110232  00000+0 -31613+0 0  9999
2 45139  87.8836 260.0986 0001620  84.8799 275.2514 13.11122969153380
ONEWEB-0026             
1 45139U 20008J   23060.80571714 -.00110232  00000+0 -31613+0 0  9999
2 45139  87.8836 260.0986 0001620  84.8799 275.2514 13.11122969154279
ONEWEB-0026             
1 45139U 20008J   23061.11089645 -.00116876  00000+0 -33528+0 0  9998
2 45139  87.8875 260.0388 0000412 137.4527 222.6633 13.11152995154315
ONEWEB-0026             
1 45139U 20008J   23061.79757556 -.00112303  00000+0 -32211+0 0  9994
2 45139  87.8825 259.8997 0001466 103.8857 256.2434 13.11129898153514
ONEWEB-0026             
1 45139U 20008J   23061.79757556 -.00112303  00000+0 -32211+0 0  9994
2 45139  87.8825 259.8997 0001466 103.8857 256.2434 13.11129898154403
ONEWEB-0026             
1 45139U 20008J   23062.25536037 -.00110673  00000+0 -31742+0 0  9991
2 45139  87.8835 259.8119 0002176  99.7051 260.4323 13.11120406154464
ONEWEB-0026             
1 45139U 20008J   23062.48426951 -.00114966  00000+0 -32998+0 0  9992
2 45139  87.8842 259.7642 0001018 174.3772 185.7367 13.11101189153605
ONEWEB-0026             
1 45139U 20008J   23062.48426951 -.00114966  00000+0 -32998+0 0  9992
2 45139  87.8842 259.7642 0001018 174.3772 185.7367 13.11101189154493
ONEWEB-0026             
1 45139U 20008J   23062.78944430 -.00107411  00000+0 -30803+0 0  9992
2 45139  87.8815 259.7096 0002712  96.1831 263.9605 13.11103605153640
ONEWEB-0026             
1 45139U 20008J   23062.78944430 -.00107411  00000+0 -30803+0 0  9992
2 45139  87.8815 259.7096 0002712  96.1831 263.9605 13.11103605154539
