ONEWEB-0145             
1 47291U 20100AK  23059.48553077 -.00000170  00000+0 -50699-3 0  9995
2 47291  87.8973 229.9784 0001651 100.0333 260.0982 13.12443351106743
ONEWEB-0145             
1 47291U 20100AK  23059.86671731 -.00000110  00000+0 -34098-3 0  9994
2 47291  87.8974 229.9029 0001659 100.1937 259.9379 13.12442959106790
ONEWEB-0145             
1 47291U 20100AK  23060.01919216 -.00000138  00000+0 -42023-3 0  9993
2 47291  87.8973 229.8726 0001655 100.0799 260.0517 13.12442707106814
ONEWEB-0145             
1 47291U 20100AK  23060.85780221 -.00000041  00000+0 -15022-3 0  9999
2 47291  87.8976 229.7063 0001648 100.3656 259.7658 13.12442689106929
ONEWEB-0145             
1 47291U 20100AK  23061.69641188  .00000169  00000+0  43449-3 0  9993
2 47291  87.8978 229.5400 0001652 100.3040 259.8275 13.12442818107039
ONEWEB-0145             
1 47291U 20100AK  23062.45878298  .00000395  00000+0  10634-2 0  9992
2 47291  87.8980 229.3889 0001651 100.3601 259.7714 13.12444218107137
ONEWEB-0145             
1 47291U 20100AK  23062.83996982  .00000333  00000+0  89064-3 0  9991
2 47291  87.8982 229.3133 0001634 100.4191 259.7122 13.12443580107186
