ONEWEB-0370             
1 49296U 21090T   23059.33589536 -.00000015  00000+0 -68938-4 0  9998
2 49296  87.9331 154.2477 0001872 101.5303 258.6041 13.20771182 70829
ONEWEB-0370             
1 49296U 21090T   23059.94194901  .00000130  00000+0  28666-3 0  9992
2 49296  87.9331 154.1278 0001848 101.0455 259.0886 13.20771609 72203
ONEWEB-0370             
1 49296U 21090T   23060.32073328  .00000033  00000+0  48482-4 0  9996
2 49296  87.9332 154.0531 0001863 101.9507 258.1835 13.20771542 70959
ONEWEB-0370             
1 49296U 21090T   23061.15405774  .00000112  00000+0  24249-3 0  9994
2 49296  87.9332 153.8883 0001867 102.1744 257.9598 13.20771916 72361
ONEWEB-0370             
1 49296U 21090T   23061.68435663  .00000148  00000+0  33174-3 0  9998
2 49296  87.9332 153.7838 0002010 101.6913 258.4446 13.20770712 71138
ONEWEB-0370             
1 49296U 21090T   23062.29041070 -.00000366  00000+0 -93146-3 0  9990
2 49296  87.9332 153.6638 0001872 100.8124 259.3220 13.20772904 71219
ONEWEB-0370             
1 49296U 21090T   23062.29041070 -.00000366  00000+0 -93146-3 0  9990
2 49296  87.9332 153.6638 0001872 100.8124 259.3220 13.20772904 72513
