ONEWEB-0198             
1 48216U 21031G   23059.35841606  .00000171  00000+0  42765-3 0  9995
2 48216  87.9132 169.3972 0001849 128.2617 231.8679 13.14504670 90184
ONEWEB-0198             
1 48216U 21031G   23059.35841606  .00000171  00000+0  42765-3 0  9995
2 48216  87.9132 169.3972 0001849 128.2617 231.8679 13.14504670 90207
ONEWEB-0198             
1 48216U 21031G   23059.81511249 -.00006852  00000+0 -18520-1 0  9997
2 48216  87.9134 169.3068 0001615 132.1258 228.0009 13.14537483 90260
ONEWEB-0198             
1 48216U 21031G   23060.34794534  .00000089  00000+0  20631-3 0  9999
2 48216  87.9131 169.2016 0001920 128.5161 231.6141 13.14504613 90334
ONEWEB-0198             
1 48216U 21031G   23061.03300418 -.00000051  00000+0 -17192-3 0  9999
2 48216  87.9131 169.0663 0001947 128.1462 231.9843 13.14504500 90404
ONEWEB-0198             
1 48216U 21031G   23061.79418079 -.00000135  00000+0 -39918-3 0  9998
2 48216  87.9128 168.9155 0001987 128.4400 231.6909 13.14504070 90528
ONEWEB-0198             
1 48216U 21031G   23062.25088556 -.00000116  00000+0 -34765-3 0  9997
2 48216  87.9126 168.8252 0002003 128.4553 231.6756 13.14505234 90569
ONEWEB-0198             
1 48216U 21031G   23062.32700328 -.00000088  00000+0 -27162-3 0  9994
2 48216  87.9128 168.8103 0002000 128.2075 231.9235 13.14504984 90599
