ONEWEB-0354             
1 49217U 21083AH  23059.29169813  .00000104  00000+0  22360-3 0  9995
2 49217  87.9335 154.2363 0001757 118.0750 242.0562 13.20771646 77761
ONEWEB-0354             
1 49217U 21083AH  23059.29169813  .00000104  00000+0  22360-3 0  9995
2 49217  87.9335 154.2363 0001757 118.0750 242.0562 13.20771646 79077
ONEWEB-0354             
1 49217U 21083AH  23059.82199592  .00000067  00000+0  13243-3 0  9999
2 49217  87.9330 154.1315 0001775 117.9504 242.1809 13.20771423 77833
ONEWEB-0354             
1 49217U 21083AH  23060.27653556  .00000183  00000+0  41718-3 0  9992
2 49217  87.9328 154.0414 0001808 117.6423 242.4894 13.20772396 77896
ONEWEB-0354             
1 49217U 21083AH  23061.79167140  .00000002  00000+0 -25884-4 0  9997
2 49217  87.9329 153.7414 0001824 116.0336 244.0985 13.20771945 78098
ONEWEB-0354             
1 49217U 21083AH  23062.32196755  .00000038  00000+0  60494-4 0  9995
2 49217  87.9328 153.6365 0001829 115.7723 244.3599 13.20773192 78160
ONEWEB-0354             
1 49217U 21083AH  23062.32196755  .00000038  00000+0  60494-4 0  9995
2 49217  87.9328 153.6365 0001829 115.7723 244.3599 13.20773192 79475
