ONEWEB-0373             
1 49299U 21090W   23059.27486906  .00000071  00000+0  14245-3 0  9992
2 49299  87.9277 154.2722 0001889  93.6884 266.4465 13.20772097 71977
ONEWEB-0373             
1 49299U 21090W   23059.95667899  .00000126  00000+0  27782-3 0  9990
2 49299  87.9274 154.1369 0001881  93.1010 267.0339 13.20772842 73368
ONEWEB-0373             
1 49299U 21090W   23060.33546308  .00000035  00000+0  54036-4 0  9997
2 49299  87.9274 154.0617 0001888  92.9500 267.1849 13.20772468 72114
ONEWEB-0373             
1 49299U 21090W   23061.01727456 -.00000055  00000+0 -16619-3 0  9996
2 49299  87.9276 153.9266 0001867  92.7718 267.3629 13.20771530 73501
ONEWEB-0373             
1 49299U 21090W   23061.62333083 -.00000111  00000+0 -30391-3 0  9998
2 49299  87.9282 153.8071 0001843  88.8571 271.2773 13.20769350 72283
ONEWEB-0373             
1 49299U 21090W   23062.30513956 -.00000107  00000+0 -29391-3 0  9996
2 49299  87.9274 153.6699 0001568  81.3909 278.7402 13.20771279 72379
ONEWEB-0373             
1 49299U 21090W   23062.30513956 -.00000107  00000+0 -29391-3 0  9996
2 49299  87.9274 153.6699 0001568  81.3909 278.7402 13.20771279 73673
