ONEWEB-0190             
1 48796U 21045AF  23059.25899940 -.00000039  00000+0 -13796-3 0  9993
2 48796  87.9086 139.1313 0000597 120.1450 239.9739 13.15546868 87069
ONEWEB-0190             
1 48796U 21045AF  23059.41111412 -.00000033  00000+0 -12172-3 0  9993
2 48796  87.9085 139.1011 0000607 120.9876 239.1314 13.15546855 85969
ONEWEB-0190             
1 48796U 21045AF  23060.24774523 -.00000075  00000+0 -23261-3 0  9991
2 48796  87.9084 138.9351 0000653 124.4595 235.6597 13.15547301 86074
ONEWEB-0190             
1 48796U 21045AF  23061.16043422 -.00000028  00000+0 -10909-3 0  9993
2 48796  87.9084 138.7539 0000693 128.7165 231.4027 13.15547093 87312
ONEWEB-0190             
1 48796U 21045AF  23061.61677947 -.00000144  00000+0 -41764-3 0  9990
2 48796  87.9082 138.6632 0000716 129.7891 230.3302 13.15546846 86257
ONEWEB-0190             
1 48796U 21045AF  23062.30129623 -.00000063  00000+0 -20199-3 0  9999
2 48796  87.9082 138.5274 0000738 132.1141 228.0052 13.15547071 86345
ONEWEB-0190             
1 48796U 21045AF  23062.30129623 -.00000063  00000+0 -20199-3 0  9999
2 48796  87.9082 138.5274 0000738 132.1141 228.0052 13.15547071 87469
ONEWEB-0190             
1 48796U 21045AF  23062.60552543  .00000018  00000+0  14701-4 0  9994
2 48796  87.9081 138.4668 0000720 132.3384 227.7807 13.15547775 86381
