ONEWEB-0545             
1 54647U 22166F   23059.58334491 -.01044519  00000+0 -78055+0 0  9998
2 54647  87.1504 125.7663 0007923 343.6484 108.6934 13.98168329  1301
ONEWEB-0545             
1 54647U 22166F   23060.00001157 -.01055664  00000+0 -80284+0 0  9997
2 54647  87.1579 125.6373 0007738 341.3883  46.2314 13.97209461 12721
ONEWEB-0545             
1 54647U 22166F   23060.58334491 -.01045558  00000+0 -81365+0 0  9992
2 54647  87.1684 125.4556 0007820 340.2197  98.3676 13.95865521 12808
ONEWEB-0545             
1 54647U 22166F   23061.00001157 -.01056588  00000+0 -83672+0 0  9998
2 54647  87.1760 125.3279 0007599 338.0739  32.3387 13.94904518  1303
ONEWEB-0545             
1 54647U 22166F   23061.25001157 -.01131890  00000+0 -90858+0 0  9999
2 54647  87.1803 125.2508 0007487 338.7443 206.0511 13.94377739 12906
ONEWEB-0545             
1 54647U 22166F   23061.83334491 -.01153705  00000+0 -93985+0 0  9996
2 54647  87.1911 125.0724 0007339 337.2353 252.4875 13.93031415  1301
ONEWEB-0545             
1 54647U 22166F   23062.50001157 -.00989749  00000+0 -82932+0 0  9995
2 54647  87.2026 124.8689 0007548 333.7419 355.3150 13.91437777 13077
ONEWEB-0545             
1 54647U 22166F   23062.58334491 -.00983177  00000+0 -82602+0 0  9996
2 54647  87.2042 124.8435 0007678 333.6370  52.5702 13.91261129  1301
ONEWEB-0545             
1 54647U 22166F   23062.91667824 -.00984116  00000+0 -83699+0 0  9993
2 54647  87.2108 124.7438 0007417 333.7995 280.4889 13.90557490  1307
