ONEWEB-0208             
1 48243U 21031AK  23059.36686602  .00000269  00000+0  69000-3 0  9998
2 48243  87.9128 169.3804 0001797 118.5015 241.6296 13.14499893 90026
ONEWEB-0208             
1 48243U 21031AK  23059.82357400  .00000169  00000+0  42169-3 0  9996
2 48243  87.9127 169.2901 0001822 118.5343 241.5970 13.14499742 90082
ONEWEB-0208             
1 48243U 21031AK  23060.05192580  .00000408  00000+0  10651-2 0  9995
2 48243  87.9128 169.2450 0001832 118.6591 241.4723 13.14501445 90112
ONEWEB-0208             
1 48243U 21031AK  23060.35639851  .00000205  00000+0  51752-3 0  9998
2 48243  87.9127 169.1848 0001863 118.2730 241.8587 13.14500591 90153
ONEWEB-0208             
1 48243U 21031AK  23061.80263888 -.00000028  00000+0 -11104-3 0  9994
2 48243  87.9130 168.8990 0001932 117.9832 242.1493 13.14499820 90340
ONEWEB-0208             
1 48243U 21031AK  23062.33546304 -.00000041  00000+0 -14604-3 0  9993
2 48243  87.9130 168.7942 0001905 116.4453 243.6872 13.14500543 90419
ONEWEB-0208             
1 48243U 21031AK  23062.71605204 -.00000079  00000+0 -24794-3 0  9992
2 48243  87.9132 168.7193 0001865 115.9729 244.1593 13.14500912 90465
