ONEWEB-0585             
1 54652U 22166L   23059.58334491 -.00926674  00000+0 -65049+0 0  9993
2 54652  87.1649 125.7401 0007878 337.9347 339.5396 14.01310358  1303
ONEWEB-0585             
1 54652U 22166L   23059.75001157 -.01004962  00000+0 -71241+0 0  9991
2 54652  87.1684 125.6886 0008004 338.4620  99.1761 14.01016108 12695
ONEWEB-0585             
1 54652U 22166L   23059.91667824 -.00985686  00000+0 -70244+0 0  9990
2 54652  87.1720 125.6370 0007765 338.5702 219.0530 14.00656583  1308
ONEWEB-0585             
1 54652U 22166L   23060.58334491 -.00926899  00000+0 -67465+0 0  9998
2 54652  87.1854 125.4293 0007736 334.7373 340.7517 13.99271311 12812
ONEWEB-0585             
1 54652U 22166L   23061.00001157 -.00936814  00000+0 -69260+0 0  9999
2 54652  87.1943 125.3019 0007543 334.2727 278.2273 13.98421463  1300
ONEWEB-0585             
1 54652U 22166L   23061.83334491 -.01019298  00000+0 -77955+0 0  9999
2 54652  87.2111 125.0463 0007675 332.1833 150.5011 13.96769760  1304
ONEWEB-0585             
1 54652U 22166L   23062.58334491 -.00929039  00000+0 -72662+0 0  9994
2 54652  87.2265 124.8177 0007473 327.7797 321.7423 13.95194935  1302
ONEWEB-0585             
1 54652U 22166L   23062.58334491 -.00929039  00000+0 -72662+0 0  9994
2 54652  87.2265 124.8177 0007473 327.7797 321.7423 13.95194935 13091
ONEWEB-0585             
1 54652U 22166L   23062.91667824 -.00977245  00000+0 -77536+0 0  9997
2 54652  87.2332 124.7178 0007455 327.9681 194.3732 13.94534064  1308
