ONEWEB-0111             
1 47261U 20100D   23059.50034528 -.00000383  00000+0 -10989-2 0  9993
2 47261  87.8937 229.9417 0001544 104.1115 256.0185 13.12440835106549
ONEWEB-0111             
1 47261U 20100D   23059.88153177 -.00000403  00000+0 -11569-2 0  9994
2 47261  87.8937 229.8659 0001546 104.4642 255.6658 13.12440521106593
ONEWEB-0111             
1 47261U 20100D   23060.72014231 -.00000356  00000+0 -10242-2 0  9990
2 47261  87.8939 229.6994 0001559 104.6781 255.4521 13.12440134106705
ONEWEB-0111             
1 47261U 20100D   23060.87261777 -.00000417  00000+0 -11952-2 0  9992
2 47261  87.8939 229.6691 0001551 104.9355 255.1946 13.12439439106727
ONEWEB-0111             
1 47261U 20100D   23061.71122828 -.00000246  00000+0 -71837-3 0  9998
2 47261  87.8940 229.5025 0001554 105.0026 255.1275 13.12439872106837
ONEWEB-0111             
1 47261U 20100D   23062.01617785 -.00000216  00000+0 -63558-3 0  9991
2 47261  87.8943 229.4420 0001535 105.1479 254.9819 13.12440087106875
ONEWEB-0111             
1 47261U 20100D   23062.47360264 -.00000101  00000+0 -31694-3 0  9997
2 47261  87.8944 229.3512 0001546 105.3108 254.8192 13.12439703106933
ONEWEB-0111             
1 47261U 20100D   23062.85479046 -.00000126  00000+0 -38547-3 0  9999
2 47261  87.8946 229.2756 0001535 105.5116 254.6182 13.12439296106982
