ONEWEB-0505             
1 54123U 22138L   23059.39574524  .00000022  00000+0  21948-4 0  9990
2 54123  87.9389 184.5566 0001646  87.7819 272.3502 13.19723744 17902
ONEWEB-0505             
1 54123U 22138L   23059.92646333  .00000080  00000+0  16852-3 0  9998
2 54123  87.9389 184.4520 0001621  88.3472 271.7847 13.19724217 18841
ONEWEB-0505             
1 54123U 22138L   23060.83626698  .00000068  00000+0  13853-3 0  9996
2 54123  87.9389 184.2731 0001614  88.6278 271.5039 13.19723497 18099
ONEWEB-0505             
1 54123U 22138L   23061.06371697  .00000156  00000+0  35625-3 0  9997
2 54123  87.9389 184.2283 0001616  88.7918 271.3399 13.19724262 18992
ONEWEB-0505             
1 54123U 22138L   23061.82188687  .00000023  00000+0  25425-4 0  9997
2 54123  87.9389 184.0790 0001611  88.9949 271.1368 13.19723526 18226
ONEWEB-0505             
1 54123U 22138L   23062.35260371  .00000164  00000+0  37845-3 0  9991
2 54123  87.9386 183.9740 0001628  89.4324 270.6995 13.19724875 18292
ONEWEB-0505             
1 54123U 22138L   23062.35260371  .00000164  00000+0  37845-3 0  9991
2 54123  87.9386 183.9740 0001628  89.4324 270.6995 13.19724875 19169
ONEWEB-0505             
1 54123U 22138L   23062.88332284  .00000004  00000+0 -22766-4 0  9993
2 54123  87.9381 183.8680 0001643  88.4743 271.6578 13.19724122 18361
