ONEWEB-0463             
1 51650U 22012AE  23059.55681614  .00000050  00000+0  95757-4 0  9990
2 51650  87.9066 245.1933 0002109  84.4733 275.6639 13.17354993 55039
ONEWEB-0463             
1 51650U 22012AE  23059.78467528  .00000036  00000+0  59730-4 0  9996
2 51650  87.9068 245.1480 0002092  84.1848 275.9521 13.17355212 55064
ONEWEB-0463             
1 51650U 22012AE  23060.01253395  .00000083  00000+0  18107-3 0  9993
2 51650  87.9068 245.1026 0002092  84.1393 275.9976 13.17355817 56397
ONEWEB-0463             
1 51650U 22012AE  23060.54420611  .00000019  00000+0  16545-4 0  9992
2 51650  87.9068 244.9967 0002101  83.9546 276.1824 13.17355335 55160
ONEWEB-0463             
1 51650U 22012AE  23061.75945499  .00000036  00000+0  59120-4 0  9997
2 51650  87.9070 244.7546 0002095  83.3794 276.7576 13.17356017 55321
ONEWEB-0463             
1 51650U 22012AE  23061.75945499  .00000036  00000+0  59120-4 0  9997
2 51650  87.9070 244.7546 0002095  83.3794 276.7576 13.17356017 56625
ONEWEB-0463             
1 51650U 22012AE  23062.21517337  .00000041  00000+0  72215-4 0  9991
2 51650  87.9072 244.6639 0002094  83.3144 276.8225 13.17356170 55381
ONEWEB-0463             
1 51650U 22012AE  23062.74684496  .00000050  00000+0  94783-4 0  9994
2 51650  87.9073 244.5581 0002086  83.0923 277.0446 13.17356069 55453
