ONEWEB-0164             
1 48063U 21025X   23059.11781280 -.00000113  00000+0 -34544-3 0  9997
2 48063  87.9077 199.6964 0001304 111.4598 248.6670 13.13473006 95401
ONEWEB-0164             
1 48063U 21025X   23059.42252281 -.00000113  00000+0 -34472-3 0  9995
2 48063  87.9076 199.6361 0001358 111.3942 248.7332 13.13472194 95438
ONEWEB-0164             
1 48063U 21025X   23059.87958729 -.00000246  00000+0 -70772-3 0  9994
2 48063  87.9077 199.5457 0001362 111.7623 248.3651 13.13472433 95491
ONEWEB-0164             
1 48063U 21025X   23060.41282871 -.00000237  00000+0 -68295-3 0  9991
2 48063  87.9075 199.4401 0001370 111.5624 248.5651 13.13472735 95571
ONEWEB-0164             
1 48063U 21025X   23060.86989380 -.00000306  00000+0 -87202-3 0  9995
2 48063  87.9076 199.3498 0001379 111.8961 248.2314 13.13472293 95621
ONEWEB-0164             
1 48063U 21025X   23061.78402383 -.00000277  00000+0 -79306-3 0  9993
2 48063  87.9078 199.1692 0001364 112.2509 247.8765 13.13471789 95741
ONEWEB-0164             
1 48063U 21025X   23061.78402383 -.00000277  00000+0 -79306-3 0  9993
2 48063  87.9078 199.1692 0001364 112.2509 247.8765 13.13471789 95752
ONEWEB-0164             
1 48063U 21025X   23062.39344312 -.00000127  00000+0 -38173-3 0  9999
2 48063  87.9079 199.0487 0001383 112.2947 247.8329 13.13472575 95829
ONEWEB-0164             
1 48063U 21025X   23062.85050909 -.00000152  00000+0 -45140-3 0  9996
2 48063  87.9081 198.9584 0001372 112.4408 247.6867 13.13471971 95880
