ONEWEB-0062             
1 45163U 20008AJ  23059.54138819 -.00000528  00000+0 -15497-2 0  9991
2 45163  87.8747 275.6286 0001820  82.6402 277.4932 13.10365228150428
ONEWEB-0062             
1 45163U 20008AJ  23059.84682089 -.00000577  00000+0 -16897-2 0  9996
2 45163  87.8747 275.5676 0001820  82.5309 277.6025 13.10364404150469
ONEWEB-0062             
1 45163U 20008AJ  23060.83945729  .00001547  00000+0  43942-2 0  9997
2 45163  87.8738 275.3703 0002407  83.0631 277.0770 13.10380589150591
ONEWEB-0062             
1 45163U 20008AJ  23060.83945729  .00001547  00000+0  43942-2 0  9997
2 45163  87.8738 275.3703 0002407  83.0631 277.0770 13.10380589151345
ONEWEB-0062             
1 45163U 20008AJ  23061.14487047  .00003260  00000+0  92967-2 0  9991
2 45163  87.8749 275.3081 0002011  83.3434 276.7922 13.10393894151383
ONEWEB-0062             
1 45163U 20008AJ  23061.83210599  .00000402  00000+0  11155-2 0  9998
2 45163  87.8746 275.1714 0001592  77.9520 282.1786 13.10372785150721
ONEWEB-0062             
1 45163U 20008AJ  23061.83210599  .00000402  00000+0  11155-2 0  9998
2 45163  87.8746 275.1714 0001592  77.9520 282.1786 13.10372785151474
ONEWEB-0062             
1 45163U 20008AJ  23062.51932698 -.00000115  00000+0 -36516-3 0  9997
2 45163  87.8748 275.0341 0001701  79.7377 280.3942 13.10370481150815
ONEWEB-0062             
1 45163U 20008AJ  23062.82475346 -.00001448  00000+0 -41834-2 0  9991
2 45163  87.8741 274.9737 0001978  77.6592 282.4757 13.10380708150851
