ONEWEB-0011             
1 44062U 19010F   23059.41321254 -.00000738  00000+0 -19937-2 0  9998
2 44062  87.8977 139.0971 0001851  91.8235 268.3107 13.15550099193016
ONEWEB-0011             
1 44062U 19010F   23059.71744146 -.00000734  00000+0 -19836-2 0  9994
2 44062  87.8975 139.0365 0001840  91.7040 268.4301 13.15549867193054
ONEWEB-0011             
1 44062U 19010F   23060.24984397 -.00000616  00000+0 -16712-2 0  9997
2 44062  87.8973 138.9300 0001850  92.2428 267.8914 13.15547620193122
ONEWEB-0011             
1 44062U 19010F   23061.61887988 -.00000205  00000+0 -57863-3 0  9994
2 44062  87.8976 138.6567 0001879  92.2421 267.8924 13.15545153193301
ONEWEB-0011             
1 44062U 19010F   23062.22733942 -.00000001  00000+0 -35647-4 0  9993
2 44062  87.8977 138.5356 0001870  92.1323 268.0022 13.15545560193380
ONEWEB-0011             
1 44062U 19010F   23062.60762776 -.00000043  00000+0 -14824-3 0  9991
2 44062  87.8982 138.4605 0001885  92.6966 267.4380 13.15545076193434
