ONEWEB-0271             
1 48989U 21060Y   23059.08653110 -.00000011  00000+0 -61151-4 0  9991
2 48989  87.9010 108.7451 0001348  96.5521 263.5764 13.16592761 82380
ONEWEB-0271             
1 48989U 21060Y   23059.54251323 -.00000079  00000+0 -24087-3 0  9992
2 48989  87.9009 108.6541 0001343  97.0886 263.0397 13.16593232 81157
ONEWEB-0271             
1 48989U 21060Y   23059.61851043 -.00000081  00000+0 -24535-3 0  9996
2 48989  87.9008 108.6390 0001341  97.1700 262.9584 13.16593034 81169
ONEWEB-0271             
1 48989U 21060Y   23060.15048918  .00000051  00000+0  99457-4 0  9997
2 48989  87.9009 108.5327 0001360  97.4636 262.6650 13.16593561 82528
ONEWEB-0271             
1 48989U 21060Y   23060.83446352 -.00000022  00000+0 -91369-4 0  9990
2 48989  87.9009 108.3964 0001368  97.8204 262.3082 13.16592877 81328
ONEWEB-0271             
1 48989U 21060Y   23061.59443374  .00000055  00000+0  10911-3 0  9992
2 48989  87.9005 108.2443 0001310  95.5738 264.5543 13.16593301 81429
ONEWEB-0271             
1 48989U 21060Y   23062.20240996  .00000115  00000+0  26660-3 0  9991
2 48989  87.9004 108.1229 0001321  96.3493 263.7789 13.16593447 81501
ONEWEB-0271             
1 48989U 21060Y   23062.20240996  .00000115  00000+0  26660-3 0  9991
2 48989  87.9004 108.1229 0001321  96.3493 263.7789 13.16593447 82793
ONEWEB-0271             
1 48989U 21060Y   23062.88638345  .00000117  00000+0  27172-3 0  9995
2 48989  87.9004 107.9869 0001350 100.3382 259.7901 13.16593276 81593
