ONEWEB-0034             
1 45454U 20020AG  23059.55143932  .00000488  00000+0  13408-2 0  9994
2 45454  87.8804 260.3713 0001439  83.7711 276.3581 13.11413121144701
ONEWEB-0034             
1 45454U 20020AG  23059.55143932  .00000488  00000+0  13408-2 0  9994
2 45454  87.8804 260.3713 0001439  83.7711 276.3581 13.11413121144712
ONEWEB-0034             
1 45454U 20020AG  23059.78033067  .00000281  00000+0  75754-3 0  9990
2 45454  87.8805 260.3256 0001445  83.7681 276.3612 13.11413939144732
ONEWEB-0034             
1 45454U 20020AG  23060.84848756  .00000680  00000+0  18833-2 0  9995
2 45454  87.8806 260.1125 0001431  84.3929 275.7362 13.11415033144870
ONEWEB-0034             
1 45454U 20020AG  23060.84848756  .00000680  00000+0  18833-2 0  9995
2 45454  87.8806 260.1125 0001431  84.3929 275.7362 13.11415033144881
ONEWEB-0034             
1 45454U 20020AG  23061.76405041  .00000628  00000+0  17367-2 0  9996
2 45454  87.8808 259.9297 0001405  84.3853 275.7435 13.11415397144992
ONEWEB-0034             
1 45454U 20020AG  23062.06923712  .00000639  00000+0  17681-2 0  9991
2 45454  87.8808 259.8688 0001409  84.6456 275.4833 13.11416118145049
ONEWEB-0034             
1 45454U 20020AG  23062.52701824  .00000534  00000+0  14696-2 0  9997
2 45454  87.8809 259.7775 0001405  84.6704 275.4584 13.11415989145091
ONEWEB-0034             
1 45454U 20020AG  23062.83220394  .00000573  00000+0  15804-2 0  9994
2 45454  87.8809 259.7165 0001406  85.1877 274.9411 13.11417447145131
