ONEWEB-0364             
1 49290U 21090M   23059.28748101  .00000064  00000+0  12620-3 0  9999
2 49290  87.9270 154.2939 0001409  98.0859 262.0434 13.20768690 72399
ONEWEB-0364             
1 49290U 21090M   23059.28748101  .00000064  00000+0  12620-3 0  9999
2 49290  87.9270 154.2939 0001409  98.0859 262.0434 13.20768690 73211
ONEWEB-0364             
1 49290U 21090M   23060.27232143  .00000059  00000+0  11225-3 0  9998
2 49290  87.9270 154.0986 0001398  98.3048 261.8244 13.20768740 72526
ONEWEB-0364             
1 49290U 21090M   23060.95413252 -.00001953  00000+0 -48359-2 0  9998
2 49290  87.9267 153.9631 0001627  87.4941 272.6378 13.20779561 73435
ONEWEB-0364             
1 49290U 21090M   23061.78746157  .00000616  00000+0  14826-2 0  9998
2 49290  87.9266 153.7976 0001439 100.8179 259.3116 13.20762915 72726
ONEWEB-0364             
1 49290U 21090M   23062.31775689 -.00000992  00000+0 -24724-2 0  9997
2 49290  87.9265 153.6925 0001495  97.3283 262.8021 13.20774996 72799
ONEWEB-0364             
1 49290U 21090M   23062.31775689 -.00000992  00000+0 -24724-2 0  9997
2 49290  87.9265 153.6925 0001495  97.3283 262.8021 13.20774996 73611
ONEWEB-0364             
1 49290U 21090M   23062.69654364 -.00000032  00000+0 -10982-3 0  9991
2 49290  87.9264 153.6174 0001472 101.0731 259.0568 13.20768725 72843
