ONEWEB-0241             
1 48773U 21045G   23059.20830047 -.00001524  00000+0 -40817-2 0  9999
2 48773  87.9184 139.0613 0001695 135.8480 224.2786 13.15554509 87038
ONEWEB-0241             
1 48773U 21045G   23059.28436252  .00000799  00000+0  20888-2 0  9994
2 48773  87.9183 139.0463 0001517 123.1333 236.9943 13.15543151 85911
ONEWEB-0241             
1 48773U 21045G   23059.74070903  .00001377  00000+0  36236-2 0  9999
2 48773  87.9183 138.9562 0001008  81.3305 278.7939 13.15540439 87106
ONEWEB-0241             
1 48773U 21045G   23060.27310839  .00000103  00000+0  23956-3 0  9996
2 48773  87.9181 138.8512 0001703 125.0646 235.0644 13.15546710 87178
ONEWEB-0241             
1 48773U 21045G   23060.57733815  .00000178  00000+0  43757-3 0  9995
2 48773  87.9182 138.7911 0001721 124.5930 235.5362 13.15546353 86085
ONEWEB-0241             
1 48773U 21045G   23061.56608542  .00000019  00000+0  15289-4 0  9997
2 48773  87.9181 138.5960 0001706 124.4258 235.7034 13.15545679 86214
ONEWEB-0241             
1 48773U 21045G   23062.25060119 -.00000003  00000+0 -41840-4 0  9993
2 48773  87.9180 138.4609 0001730 123.8466 236.2829 13.15546849 86301
ONEWEB-0241             
1 48773U 21045G   23062.25060119 -.00000003  00000+0 -41840-4 0  9993
2 48773  87.9180 138.4609 0001730 123.8466 236.2829 13.15546849 87436
ONEWEB-0241             
1 48773U 21045G   23062.63088828 -.00000014  00000+0 -71486-4 0  9993
2 48773  87.9180 138.3859 0001739 124.0541 236.0755 13.15546743 86357
