ONEWEB-0191             
1 48239U 21031AF  23059.36475290  .00000258  00000+0  66185-3 0  9991
2 48239  87.9129 169.3546 0001481 109.9887 250.1402 13.14505225 89889
ONEWEB-0191             
1 48239U 21031AF  23059.82145858  .00000148  00000+0  36517-3 0  9990
2 48239  87.9129 169.2644 0001498 110.4748 249.6543 13.14505677 89945
ONEWEB-0191             
1 48239U 21031AF  23060.35428167  .00000184  00000+0  46109-3 0  9995
2 48239  87.9130 169.1591 0001521 110.6184 249.5109 13.14505443 90018
ONEWEB-0191             
1 48239U 21031AF  23061.03934022  .00000070  00000+0  15318-3 0  9995
2 48239  87.9131 169.0241 0001533 109.3910 250.7385 13.14505025 90101
ONEWEB-0191             
1 48239U 21031AF  23061.80051595 -.00000073  00000+0 -23103-3 0  9991
2 48239  87.9133 168.8741 0001515 108.4456 251.6839 13.14505223 90205
ONEWEB-0191             
1 48239U 21031AF  23062.25722107 -.00000092  00000+0 -28341-3 0  9995
2 48239  87.9132 168.7835 0001503 110.4372 249.6919 13.14505142 90266
ONEWEB-0191             
1 48239U 21031AF  23062.33333861 -.00000139  00000+0 -41023-3 0  9993
2 48239  87.9133 168.7685 0001502 110.3471 249.7820 13.14505299 90274
