ONEWEB-0572             
1 55151U 23004M   23059.49911319  .00001111  00000+0  19999-3 0  9995
2 55151  86.6209 264.1925 0013706  56.5125 303.7396 14.65650560  7477
ONEWEB-0572             
1 55151U 23004M   23059.56738652  .00001102  00000+0  19827-3 0  9990
2 55151  86.6209 264.1644 0013702  56.3127 303.9391 14.65650950  7482
ONEWEB-0572             
1 55151U 23004M   23059.84048080  .00001061  00000+0  19070-3 0  9994
2 55151  86.6210 264.0518 0013683  55.5026 304.7477 14.65651218  7527
ONEWEB-0572             
1 55151U 23004M   23060.79630874  .00001068  00000+0  19197-3 0  9995
2 55151  86.6209 263.6578 0013610  52.6683 307.5768 14.65653616  7666
ONEWEB-0572             
1 55151U 23004M   23060.86458185  .00001131  00000+0  20357-3 0  9997
2 55151  86.6209 263.6296 0013604  52.4682 307.7765 14.65654038  7672
ONEWEB-0572             
1 55151U 23004M   23061.82040871  .00001117  00000+0  20103-3 0  9996
2 55151  86.6210 263.2356 0013530  49.5601 310.6790 14.65655944  7817
ONEWEB-0572             
1 55151U 23004M   23062.50314030  .00001261  00000+0  22749-3 0  9991
2 55151  86.6209 262.9541 0013469  47.5024 312.7325 14.65658543  7911
ONEWEB-0572             
1 55151U 23004M   23062.84450585  .00001228  00000+0  22140-3 0  9992
2 55151  86.6209 262.8133 0013434  46.4708 313.7619 14.65659467  7964
ONEWEB-0572             
1 55151U 23004M   23062.91273882  .00007331  00000+0  13413-2 0  9996
2 55151  86.6209 262.7852 0013263  46.1890 314.0418 14.65704676  7975
