ONEWEB-0143             
1 47289U 20100AH  23059.46646686  .00000414  00000+0  11153-2 0  9999
2 47289  87.8935 229.9669 0001502  94.8017 265.3283 13.12440972106629
ONEWEB-0143             
1 47289U 20100AH  23059.54270362  .00000435  00000+0  11746-2 0  9993
2 47289  87.8935 229.9517 0001505  94.8146 265.3155 13.12441712106639
ONEWEB-0143             
1 47289U 20100AH  23059.92389086  .00000415  00000+0  11184-2 0  9993
2 47289  87.8936 229.8760 0001513  95.2826 264.8475 13.12441176106686
ONEWEB-0143             
1 47289U 20100AH  23060.83873740  .00000493  00000+0  13362-2 0  9996
2 47289  87.8939 229.6943 0001515  95.7748 264.3553 13.12442321106809
ONEWEB-0143             
1 47289U 20100AH  23061.82982085  .00000385  00000+0  10338-2 0  9999
2 47289  87.8942 229.4974 0001489  95.8257 264.3041 13.12442864106939
ONEWEB-0143             
1 47289U 20100AH  23062.36348122  .00000368  00000+0  98806-3 0  9995
2 47289  87.8943 229.3915 0001470  95.8457 264.2839 13.12442386107008
ONEWEB-0143             
1 47289U 20100AH  23062.43971817  .00000406  00000+0  10941-2 0  9992
2 47289  87.8943 229.3763 0001461  95.8127 264.3168 13.12442428107017
ONEWEB-0143             
1 47289U 20100AH  23062.74466602  .00000326  00000+0  87089-3 0  9996
2 47289  87.8944 229.3157 0001463  96.0985 264.0310 13.12443273107051
