ONEWEB-0324             
1 49193U 21083H   23059.14105541  .00000109  00000+0  24406-3 0  9998
2 49193  87.9226 214.8892 0002019  96.6174 263.5188 13.18686682 72462
ONEWEB-0324             
1 49193U 21083H   23059.44456154  .00000061  00000+0  12092-3 0  9995
2 49193  87.9226 214.8291 0002035  96.4112 263.7252 13.18686653 71228
ONEWEB-0324             
1 49193U 21083H   23059.89982021  .00000049  00000+0  91191-4 0  9995
2 49193  87.9228 214.7389 0002022  96.2059 263.9304 13.18686976 71285
ONEWEB-0324             
1 49193U 21083H   23060.43095542  .00000103  00000+0  22765-3 0  9991
2 49193  87.9228 214.6336 0002025  95.6385 264.4978 13.18686849 72636
ONEWEB-0324             
1 49193U 21083H   23060.88621457 -.00000013  00000+0 -65597-4 0  9993
2 49193  87.9230 214.5437 0002024  96.2213 263.9149 13.18686648 71412
ONEWEB-0324             
1 49193U 21083H   23061.79673178 -.00000020  00000+0 -84174-4 0  9991
2 49193  87.9234 214.3635 0001968  95.5737 264.5620 13.18686914 71533
ONEWEB-0324             
1 49193U 21083H   23061.79673178 -.00000020  00000+0 -84174-4 0  9991
2 49193  87.9234 214.3635 0001968  95.5737 264.5620 13.18686914 72815
ONEWEB-0324             
1 49193U 21083H   23062.47961995  .00000029  00000+0  40868-4 0  9993
2 49193  87.9234 214.2282 0001965  95.2028 264.9329 13.18686758 71623
ONEWEB-0324             
1 49193U 21083H   23062.85900251 -.00000064  00000+0 -19406-3 0  9997
2 49193  87.9234 214.1531 0001957  95.1929 264.9427 13.18686794 71673
