ONEWEB-0394             
1 50474U 21132F   23059.48249463 -.00000016  00000+0 -74015-4 0  9997
2 50474  87.9155 214.8260 0001740  97.5381 262.5948 13.18688964 62823
ONEWEB-0394             
1 50474U 21132F   23059.48249463 -.00000016  00000+0 -74015-4 0  9997
2 50474  87.9155 214.8260 0001740  97.5381 262.5948 13.18688964 64094
ONEWEB-0394             
1 50474U 21132F   23059.86187651  .00000103  00000+0  22815-3 0  9994
2 50474  87.9155 214.7505 0001750  97.7432 262.3899 13.18688522 62872
ONEWEB-0394             
1 50474U 21132F   23060.69651558  .00000163  00000+0  38170-3 0  9996
2 50474  87.9155 214.5846 0001772  97.9066 262.2267 13.18689482 64255
ONEWEB-0394             
1 50474U 21132F   23060.84826939  .00000029  00000+0  40731-4 0  9998
2 50474  87.9155 214.5544 0001759  98.0200 262.1132 13.18688533 63005
ONEWEB-0394             
1 50474U 21132F   23061.83466254 -.00000049  00000+0 -15662-3 0  9996
2 50474  87.9158 214.3584 0001728  98.0481 262.0847 13.18688168 63137
ONEWEB-0394             
1 50474U 21132F   23061.83466254 -.00000049  00000+0 -15662-3 0  9996
2 50474  87.9158 214.3584 0001728  98.0481 262.0847 13.18688168 64408
ONEWEB-0394             
1 50474U 21132F   23062.44167566 -.00000211  00000+0 -56729-3 0  9998
2 50474  87.9156 214.2377 0001734  97.9016 262.2313 13.18686452 63216
ONEWEB-0394             
1 50474U 21132F   23062.66930530 -.00000211  00000+0 -56782-3 0  9990
2 50474  87.9156 214.1924 0001736  97.9195 262.2134 13.18686218 63247
