ONEWEB-0322             
1 49192U 21083G   23059.40664562 -.00000198  00000+0 -57777-3 0  9996
2 49192  87.9083 199.6497 0001328 131.1224 229.0019 13.13473787 72764
ONEWEB-0322             
1 49192U 21083G   23059.40664562 -.00000198  00000+0 -57777-3 0  9996
2 49192  87.9083 199.6497 0001328 131.1224 229.0019 13.13473787 74058
ONEWEB-0322             
1 49192U 21083G   23059.86371076 -.00000186  00000+0 -54349-3 0  9990
2 49192  87.9082 199.5592 0001329 131.1711 228.9533 13.13473446 72828
ONEWEB-0322             
1 49192U 21083G   23060.47313043 -.00000077  00000+0 -24528-3 0  9994
2 49192  87.9081 199.4387 0001358 130.6853 229.4395 13.13473556 74197
ONEWEB-0322             
1 49192U 21083G   23060.85401835 -.00000068  00000+0 -22051-3 0  9992
2 49192  87.9082 199.3634 0001356 130.6282 229.4965 13.13473205 72952
ONEWEB-0322             
1 49192U 21083G   23061.76814814  .00000126  00000+0  31081-3 0  9994
2 49192  87.9082 199.1827 0001375 129.9545 230.1705 13.13473350 73074
ONEWEB-0322             
1 49192U 21083G   23061.76814814  .00000126  00000+0  31081-3 0  9994
2 49192  87.9082 199.1827 0001375 129.9545 230.1705 13.13473350 74367
ONEWEB-0322             
1 49192U 21083G   23062.45374479  .00000298  00000+0  78065-3 0  9992
2 49192  87.9083 199.0473 0001413 129.9238 230.2015 13.13474203 73166
ONEWEB-0322             
1 49192U 21083G   23062.83463322  .00000239  00000+0  61882-3 0  9994
2 49192  87.9083 198.9720 0001400 129.8608 230.2644 13.13473249 73218
