ONEWEB-0185             
1 48220U 21031L   23059.35104384  .00000001  00000+0 -32121-4 0  9994
2 48220  87.9134 169.3663 0001898 111.2076 248.9257 13.14503870 89969
ONEWEB-0185             
1 48220U 21031L   23059.80774889 -.00000006  00000+0 -50951-4 0  9994
2 48220  87.9134 169.2761 0001913 111.1704 248.9630 13.14504686 90022
ONEWEB-0185             
1 48220U 21031L   23060.34057219 -.00000122  00000+0 -36448-3 0  9999
2 48220  87.9132 169.1708 0001940 110.8355 249.2982 13.14504801 90098
ONEWEB-0185             
1 48220U 21031L   23061.02563049 -.00000118  00000+0 -35385-3 0  9992
2 48220  87.9132 169.0355 0001946 110.6027 249.5312 13.14504832 90189
ONEWEB-0185             
1 48220U 21031L   23061.78680749 -.00000275  00000+0 -77705-3 0  9998
2 48220  87.9132 168.8851 0001950 110.3311 249.8028 13.14504503 90288
ONEWEB-0185             
1 48220U 21031L   23062.24351219 -.00000118  00000+0 -35143-3 0  9993
2 48220  87.9131 168.7949 0001948 110.2822 249.8517 13.14505518 90344
ONEWEB-0185             
1 48220U 21031L   23062.31963001 -.00000136  00000+0 -40043-3 0  9994
2 48220  87.9130 168.7796 0001964 110.3674 249.7667 13.14505374 90353
ONEWEB-0185             
1 48220U 21031L   23062.85245558 -.00000272  00000+0 -76792-3 0  9994
2 48220  87.9131 168.6739 0001940 110.9171 249.2166 13.14503562 90426
