ONEWEB-0614             
1 55156U 23004S   23059.58334491 -.01159392  00000+0 -40541+0 0  9991
2 55156  86.9234 265.2909 0014194  64.9970 210.8844 14.38469146  1300
ONEWEB-0614             
1 55156U 23004S   23059.75001157 -.01192863  00000+0 -42120+0 0  9995
2 55156  86.9255 265.2301 0014185  63.4408 354.8455 14.38075018  7448
ONEWEB-0614             
1 55156U 23004S   23059.91667824 -.01109171  00000+0 -39332+0 0  9993
2 55156  86.9275 265.1700 0014358  63.8828 136.5764 14.37624128  1302
ONEWEB-0614             
1 55156U 23004S   23060.25001157 -.01188472  00000+0 -42978+0 0  9994
2 55156  86.9317 265.0516 0014357  62.6549  61.3848 14.36862304  7515
ONEWEB-0614             
1 55156U 23004S   23060.91667824 -.01106385  00000+0 -41157+0 0  9997
2 55156  86.9400 264.8127 0013924  61.3965 266.9444 14.35207225  1300
ONEWEB-0614             
1 55156U 23004S   23060.91667824 -.01106385  00000+0 -41157+0 0  9997
2 55156  86.9400 264.8127 0013924  61.3965 266.9444 14.35207225  7610
ONEWEB-0614             
1 55156U 23004S   23061.83334491 -.01147146  00000+0 -44660+0 0  9992
2 55156  86.9512 264.4874 0013883  58.7530 319.1728 14.33010596  1308
ONEWEB-0614             
1 55156U 23004S   23062.58334491 -.01163591  00000+0 -46960+0 0  9992
2 55156  86.9604 264.2241 0013873  58.2996 223.8384 14.31216418  1304
ONEWEB-0614             
1 55156U 23004S   23062.58334491 -.01163591  00000+0 -46960+0 0  9992
2 55156  86.9604 264.2241 0013873  58.2996 223.8384 14.31216418  7850
ONEWEB-0614             
1 55156U 23004S   23062.91667824 -.01099773  00000+0 -44966+0 0  9992
2 55156  86.9645 264.1062 0014124  57.0112 141.0110 14.30366371  1307
