ONEWEB-0612             
1 54675U 22166AK  23059.25001157 -.00684507  00000+0 -56628+0 0  9991
2 54675  87.1375 126.0048 0006799   9.6226 250.5652 13.92037036 12526
ONEWEB-0612             
1 54675U 22166AK  23059.58334491 -.00607280  00000+0 -50369+0 0  9996
2 54675  87.1446 125.9008 0006946   8.6723 120.6511 13.91535587  1302
ONEWEB-0612             
1 54675U 22166AK  23060.00001157 -.00616101  00000+0 -51645+0 0  9995
2 54675  87.1537 125.7731 0006804   6.9876  47.9709 13.90964848 12629
ONEWEB-0612             
1 54675U 22166AK  23060.58334491 -.00608353  00000+0 -51670+0 0  9996
2 54675  87.1662 125.5929 0006793   5.2107  88.1993 13.90170100 12702
ONEWEB-0612             
1 54675U 22166AK  23061.00001157 -.00614689  00000+0 -52751+0 0  9994
2 54675  87.1752 125.4662 0006623   3.8432  13.1583 13.89600458  1301
ONEWEB-0612             
1 54675U 22166AK  23061.25001157 -.00683985  00000+0 -59319+0 0  9993
2 54675  87.1804 125.3898 0006547   3.7473 182.9802 13.89306076 12803
ONEWEB-0612             
1 54675U 22166AK  23061.83334491 -.00693925  00000+0 -61059+0 0  9996
2 54675  87.1931 125.2128 0006482   2.8309 218.7785 13.88509884  1307
ONEWEB-0612             
1 54675U 22166AK  23062.50001157 -.00619606  00000+0 -55096+0 0  9999
2 54675  87.2070 125.0110 0006357 359.4026 311.4691 13.87558993 12975
ONEWEB-0612             
1 54675U 22166AK  23062.58334491 -.00608874  00000+0 -54202+0 0  9990
2 54675  87.2087 124.9857 0006453 358.9984   7.8730 13.87444911  1302
ONEWEB-0612             
1 54675U 22166AK  23062.91667824 -.00661988  00000+0 -59616+0 0  9995
2 54675  87.2160 124.8867 0006309 359.5665 230.9730 13.87012446  1300
