ONEWEB-0301             
1 49090U 21075R   23059.54163911  .00000409  00000+0  11001-2 0  9993
2 49090  87.8934 229.9683 0001366  84.1296 275.9988 13.12444755 76555
ONEWEB-0301             
1 49090U 21075R   23059.92282490  .00000410  00000+0  11053-2 0  9998
2 49090  87.8935 229.8925 0001361  84.5848 275.5436 13.12444610 77595
ONEWEB-0301             
1 49090U 21075R   23060.91390697  .00000352  00000+0  94422-3 0  9995
2 49090  87.8938 229.6956 0001517  91.0618 269.0685 13.12444957 76734
ONEWEB-0301             
1 49090U 21075R   23060.99014413  .00000357  00000+0  95780-3 0  9995
2 49090  87.8938 229.6805 0001446  84.1826 275.9467 13.12444898 77731
ONEWEB-0301             
1 49090U 21075R   23061.82874988  .00000599  00000+0  16284-2 0  9998
2 49090  87.8941 229.5139 0001615  94.8165 265.3148 13.12445370 76853
ONEWEB-0301             
1 49090U 21075R   23062.43864589  .00000725  00000+0  19802-2 0  9992
2 49090  87.8940 229.3928 0001320 100.1584 259.9693 13.12443443 76937
ONEWEB-0301             
1 49090U 21075R   23062.43864589  .00000725  00000+0  19802-2 0  9992
2 49090  87.8940 229.3928 0001320 100.1584 259.9693 13.12443443 77927
ONEWEB-0301             
1 49090U 21075R   23062.89606657  .00000206  00000+0  53776-3 0  9995
2 49090  87.8942 229.3018 0001279  86.0790 274.0485 13.12446357 76993
