ONEWEB-0123             
1 47269U 20100M   23059.50882605 -.00000226  00000+0 -66376-3 0  9996
2 47269  87.8970 229.9752 0001567  97.5767 262.5540 13.12442023106671
ONEWEB-0123             
1 47269U 20100M   23059.89001161 -.00000243  00000+0 -71107-3 0  9995
2 47269  87.8971 229.8996 0001581  97.9325 262.1982 13.12441937106726
ONEWEB-0123             
1 47269U 20100M   23060.72862019 -.00000286  00000+0 -83036-3 0  9997
2 47269  87.8969 229.7332 0001596  98.1336 261.9973 13.12441943106833
ONEWEB-0123             
1 47269U 20100M   23060.88109535 -.00000441  00000+0 -12606-2 0  9998
2 47269  87.8970 229.7031 0001582  98.5111 261.6197 13.12441368106859
ONEWEB-0123             
1 47269U 20100M   23061.71970506 -.00000403  00000+0 -11568-2 0  9999
2 47269  87.8973 229.5366 0001584  98.3250 261.8058 13.12440774106965
ONEWEB-0123             
1 47269U 20100M   23062.17712815 -.00000346  00000+0 -99849-3 0  9992
2 47269  87.8975 229.4459 0001576  98.4997 261.6310 13.12441389107029
ONEWEB-0123             
1 47269U 20100M   23062.48207743 -.00000285  00000+0 -82627-3 0  9993
2 47269  87.8976 229.3855 0001580  98.6761 261.4546 13.12441073107068
ONEWEB-0123             
1 47269U 20100M   23062.86326488 -.00000362  00000+0 -10424-2 0  9994
2 47269  87.8977 229.3099 0001560  98.8415 261.2890 13.12440396107118
