ONEWEB-0012             
1 44057U 19010A   23059.54885018 -.00000074  00000+0 -22598-3 0  9990
2 44057  87.9018 108.6771 0000920  77.4856 282.6378 13.16595304193054
ONEWEB-0012             
1 44057U 19010A   23059.85283814 -.00000036  00000+0 -12868-3 0  9997
2 44057  87.9017 108.6168 0000941  76.6021 283.5215 13.16594962193094
ONEWEB-0012             
1 44057U 19010A   23060.84079789  .00000022  00000+0  25008-4 0  9996
2 44057  87.9017 108.4195 0000914  78.2136 281.9098 13.16595164193228
ONEWEB-0012             
1 44057U 19010A   23061.14478520  .00000072  00000+0  15455-3 0  9995
2 44057  87.9015 108.3589 0000906  78.7829 281.3404 13.16595586193297
ONEWEB-0012             
1 44057U 19010A   23061.60076723  .00000014  00000+0  32194-5 0  9992
2 44057  87.9015 108.2678 0000891  79.3318 280.7913 13.16595271193321
ONEWEB-0012             
1 44057U 19010A   23062.20874303 -.00000025  00000+0 -10009-3 0  9992
2 44057  87.9018 108.1466 0000864  80.7992 279.3237 13.16594916193409
ONEWEB-0012             
1 44057U 19010A   23062.20874303 -.00000025  00000+0 -10009-3 0  9992
2 44057  87.9018 108.1466 0000864  80.7992 279.3237 13.16594916193432
ONEWEB-0012             
1 44057U 19010A   23062.89271470  .00000131  00000+0  30930-3 0  9994
2 44057  87.9018 108.0104 0000845  83.3162 276.8065 13.16595330193495
