ONEWEB-0439             
1 51635U 22012P   23059.03179800  .00000159  00000+0  41875-3 0  9996
2 51635  87.8741 275.7229 0001448  85.9675 274.1618 13.10377974 52770
ONEWEB-0439             
1 51635U 22012P   23059.56629907 -.00000111  00000+0 -35373-3 0  9998
2 51635  87.8739 275.6161 0001467  86.3434 273.7861 13.10376922 51563
ONEWEB-0439             
1 51635U 22012P   23059.87172959 -.00000350  00000+0 -10389-2 0  9996
2 51635  87.8740 275.5551 0001462  86.2843 273.8451 13.10375073 51602
ONEWEB-0439             
1 51635U 22012P   23060.10080139 -.00000373  00000+0 -11046-2 0  9998
2 51635  87.8738 275.5094 0001460  86.7339 273.3955 13.10374769 52914
ONEWEB-0439             
1 51635U 22012P   23060.86437463 -.00000573  00000+0 -16769-2 0  9996
2 51635  87.8738 275.3565 0001473  86.7268 273.4028 13.10374293 51733
ONEWEB-0439             
1 51635U 22012P   23061.62794876 -.00000381  00000+0 -11291-2 0  9997
2 51635  87.8737 275.2038 0001474  87.2621 272.8675 13.10371798 51835
ONEWEB-0439             
1 51635U 22012P   23061.62794876 -.00000381  00000+0 -11291-2 0  9997
2 51635  87.8737 275.2038 0001474  87.2621 272.8675 13.10371798 53118
ONEWEB-0439             
1 51635U 22012P   23062.31516592 -.00000481  00000+0 -14139-2 0  9996
2 51635  87.8735 275.0665 0001482  88.1260 272.0037 13.10371562 51928
ONEWEB-0439             
1 51635U 22012P   23062.84966893 -.00000532  00000+0 -15607-2 0  9995
2 51635  87.8734 274.9595 0001480  88.2825 271.8472 13.10370760 51999
