ONEWEB-0375             
1 49301U 21090Y   23059.26434213  .00000004  00000+0 -22212-4 0  9990
2 49301  87.9328 154.2686 0002576  96.0342 264.1085 13.20769253 71475
ONEWEB-0375             
1 49301U 21090Y   23059.26434213  .00000004  00000+0 -22212-4 0  9990
2 49301  87.9328 154.2686 0002576  96.0342 264.1085 13.20769253 72768
ONEWEB-0375             
1 49301U 21090Y   23059.79464119 -.00000098  00000+0 -27286-3 0  9995
2 49301  87.9325 154.1635 0002586  94.8550 265.2879 13.20768942 71548
ONEWEB-0375             
1 49301U 21090Y   23060.32493852 -.00000009  00000+0 -53477-4 0  9996
2 49301  87.9327 154.0589 0002574  95.2644 264.8783 13.20769848 71616
ONEWEB-0375             
1 49301U 21090Y   23060.32493852 -.00000009  00000+0 -53477-4 0  9996
2 49301  87.9327 154.0589 0002574  95.2644 264.8783 13.20769848 72909
ONEWEB-0375             
1 49301U 21090Y   23061.61280759  .00000004  00000+0 -23121-4 0  9996
2 49301  87.9330 153.8045 0002562  93.2658 266.8768 13.20768626 71780
ONEWEB-0375             
1 49301U 21090Y   23062.29461966 -.00000044  00000+0 -14061-3 0  9999
2 49301  87.9330 153.6694 0002556  93.3974 266.7452 13.20769460 71879
ONEWEB-0375             
1 49301U 21090Y   23062.29461966 -.00000044  00000+0 -14061-3 0  9999
2 49301  87.9330 153.6694 0002556  93.3974 266.7452 13.20769460 73163
