ONEWEB-0013             
1 45131U 20008A   23059.57867197 -.00000019  00000+0 -91174-4 0  9990
2 45131  87.9104 293.6040 0001799  51.0688 309.0599 13.09363750148424
ONEWEB-0013             
1 45131U 20008A   23059.88433815  .00000030  00000+0  49806-4 0  9996
2 45131  87.9105 293.5442 0001785  50.5685 309.5600 13.09363112148460
ONEWEB-0013             
1 45131U 20008A   23060.87775167  .00000188  00000+0  50897-3 0  9991
2 45131  87.9104 293.3494 0001766  51.0881 309.0403 13.09363591148598
ONEWEB-0013             
1 45131U 20008A   23061.10700036  .00000300  00000+0  83409-3 0  9992
2 45131  87.9104 293.3043 0001750  51.3571 308.7712 13.09364279149381
ONEWEB-0013             
1 45131U 20008A   23061.64191516  .00000393  00000+0  11062-2 0  9995
2 45131  87.9103 293.1995 0001741  50.5752 309.5529 13.09364418148699
ONEWEB-0013             
1 45131U 20008A   23062.17682946  .00000583  00000+0  16582-2 0  9999
2 45131  87.9104 293.0946 0001713  50.5234 309.6044 13.09364861148762
ONEWEB-0013             
1 45131U 20008A   23062.17682946  .00000583  00000+0  16582-2 0  9999
2 45131  87.9104 293.0946 0001713  50.5234 309.6044 13.09364861149527
ONEWEB-0013             
1 45131U 20008A   23062.86457671  .00000603  00000+0  17150-2 0  9995
2 45131  87.9104 292.9598 0001689  49.7600 310.3674 13.09365230148851
