ONEWEB-0276             
1 48994U 21060AD  23059.10341635  .00000054  00000+0  10842-3 0  9991
2 48994  87.8988 108.7629 0001496 103.6347 256.4951 13.16592704 82304
ONEWEB-0276             
1 48994U 21060AD  23059.55939829 -.00000015  00000+0 -72823-4 0  9995
2 48994  87.8987 108.6718 0001494 103.9728 256.1569 13.16593143 81067
ONEWEB-0276             
1 48994U 21060AD  23059.86338643  .00000044  00000+0  81072-4 0  9992
2 48994  87.8986 108.6110 0001500 104.4263 255.7034 13.16592792 81106
ONEWEB-0276             
1 48994U 21060AD  23060.16737474 -.00000018  00000+0 -79791-4 0  9990
2 48994  87.8987 108.5503 0001513 104.3730 255.7569 13.16592857 82447
ONEWEB-0276             
1 48994U 21060AD  23060.85134768  .00000059  00000+0  12083-3 0  9996
2 48994  87.8985 108.4137 0001530 104.5957 255.5343 13.16593083 81235
ONEWEB-0276             
1 48994U 21060AD  23061.61131902 -.00000100  00000+0 -29561-3 0  9996
2 48994  87.8985 108.2617 0001538 104.9484 255.1817 13.16592580 81337
ONEWEB-0276             
1 48994U 21060AD  23062.29529233 -.00000057  00000+0 -18288-3 0  9994
2 48994  87.8986 108.1252 0001530 105.3039 254.8262 13.16592595 81421
ONEWEB-0276             
1 48994U 21060AD  23062.29529233 -.00000057  00000+0 -18288-3 0  9994
2 48994  87.8986 108.1252 0001530 105.3039 254.8262 13.16592595 82725
ONEWEB-0276             
1 48994U 21060AD  23062.82727081  .00000059  00000+0  12179-3 0  9997
2 48994  87.8985 108.0192 0001525 105.3233 254.8066 13.16593531 81492
