ONEWEB-0332             
1 49279U 21090A   23059.35207436  .00000125  00000+0  30252-3 0  9994
2 49279  87.9131 169.4077 0001182 112.3909 247.7346 13.14501261 69296
ONEWEB-0332             
1 49279U 21090A   23059.80878183 -.00000035  00000+0 -12822-3 0  9992
2 49279  87.9130 169.3174 0001194 113.6520 246.4736 13.14500804 69356
ONEWEB-0332             
1 49279U 21090A   23060.34160531  .00000047  00000+0  91553-4 0  9994
2 49279  87.9129 169.2121 0001220 113.8878 246.2380 13.14501797 69426
ONEWEB-0332             
1 49279U 21090A   23061.02666624 -.00000154  00000+0 -44857-3 0  9999
2 49279  87.9128 169.0768 0001218 114.4943 245.6314 13.14501270 69513
ONEWEB-0332             
1 49279U 21090A   23061.78784470 -.00000190  00000+0 -54670-3 0  9996
2 49279  87.9125 168.9264 0001215 115.7160 244.4095 13.14500973 69614
ONEWEB-0332             
1 49279U 21090A   23062.32066885 -.00000095  00000+0 -28977-3 0  9995
2 49279  87.9132 168.8217 0001217 115.7150 244.4105 13.14501620 69689
ONEWEB-0332             
1 49279U 21090A   23062.85349571 -.00000284  00000+0 -80008-3 0  9992
2 49279  87.9128 168.7158 0001203 117.7514 242.3738 13.14500072 69755
