ONEWEB-0449             
1 51642U 22012W   23059.03026919  .00000069  00000+0  16198-3 0  9996
2 51642  87.8768 275.7230 0001794  80.1740 279.9590 13.10375840 52775
ONEWEB-0449             
1 51642U 22012W   23059.56477009 -.00000080  00000+0 -26539-3 0  9999
2 51642  87.8771 275.6167 0001767  80.7294 279.4033 13.10375330 51542
ONEWEB-0449             
1 51642U 22012W   23059.87019866 -.00000242  00000+0 -72904-3 0  9993
2 51642  87.8770 275.5557 0001755  80.4030 279.7296 13.10376049 51581
ONEWEB-0449             
1 51642U 22012W   23060.09926971 -.00000088  00000+0 -28900-3 0  9998
2 51642  87.8765 275.5098 0001772  80.2265 279.9063 13.10375934 52916
ONEWEB-0449             
1 51642U 22012W   23060.86284183 -.00000286  00000+0 -85415-3 0  9999
2 51642  87.8766 275.3576 0001776  80.7492 279.3836 13.10375982 51719
ONEWEB-0449             
1 51642U 22012W   23061.62641482 -.00000416  00000+0 -12280-2 0  9997
2 51642  87.8764 275.2049 0001750  80.3079 279.8246 13.10375070 51819
ONEWEB-0449             
1 51642U 22012W   23061.62641482 -.00000416  00000+0 -12280-2 0  9997
2 51642  87.8764 275.2049 0001750  80.3079 279.8246 13.10375070 53114
ONEWEB-0449             
1 51642U 22012W   23062.31363054 -.00000561  00000+0 -16446-2 0  9999
2 51642  87.8760 275.0672 0001752  80.1050 280.0275 13.10374854 51909
ONEWEB-0449             
1 51642U 22012W   23062.84813213 -.00000561  00000+0 -16421-2 0  9997
2 51642  87.8760 274.9602 0001741  79.9821 280.1503 13.10374126 51974
