ONEWEB-0345             
1 49211U 21083AB  23059.43733579  .00000156  00000+0  39231-3 0  9993
2 49211  87.9081 199.6367 0002291 112.3141 247.8231 13.13470040 72751
ONEWEB-0345             
1 49211U 21083AB  23059.43733579  .00000156  00000+0  39231-3 0  9993
2 49211  87.9081 199.6367 0002291 112.3141 247.8231 13.13470040 74056
ONEWEB-0345             
1 49211U 21083AB  23059.89440057  .00000088  00000+0  20691-3 0  9993
2 49211  87.9081 199.5464 0002306 112.1404 247.9970 13.13470368 72816
ONEWEB-0345             
1 49211U 21083AB  23060.65617482  .00000003  00000+0 -25922-4 0  9998
2 49211  87.9082 199.3958 0002346 111.3670 248.7709 13.13470818 74218
ONEWEB-0345             
1 49211U 21083AB  23060.88470799 -.00000154  00000+0 -45540-3 0  9996
2 49211  87.9083 199.3506 0002342 111.5437 248.5942 13.13470242 72943
ONEWEB-0345             
1 49211U 21083AB  23061.79883804 -.00000274  00000+0 -78433-3 0  9992
2 49211  87.9084 199.1699 0002337 111.0292 249.1088 13.13469983 73065
ONEWEB-0345             
1 49211U 21083AB  23062.40825720 -.00000179  00000+0 -52568-3 0  9999
2 49211  87.9086 199.0496 0002346 110.4472 249.6909 13.13470539 73149
ONEWEB-0345             
1 49211U 21083AB  23062.40825720 -.00000179  00000+0 -52568-3 0  9999
2 49211  87.9086 199.0496 0002346 110.4472 249.6909 13.13470539 74443
ONEWEB-0345             
1 49211U 21083AB  23062.86532318 -.00000318  00000+0 -90678-3 0  9996
2 49211  87.9086 198.9593 0002341 110.2651 249.8730 13.13470029 73202
