ONEWEB-0592             
1 54658U 22166S   23059.25001157 -.00730807  00000+0 -61228+0 0  9999
2 54658  87.1103 125.9892 0007931 358.3992  63.2827 13.91014661 12525
ONEWEB-0592             
1 54658U 22166S   23059.58334491 -.00652179  00000+0 -55277+0 0  9997
2 54658  87.1172 125.8845 0007760 357.4057 292.1714 13.90487185  1306
ONEWEB-0592             
1 54658U 22166S   23060.00001157 -.00661599  00000+0 -56705+0 0  9999
2 54658  87.1261 125.7557 0007710 356.8586 216.7593 13.89883987 12632
ONEWEB-0592             
1 54658U 22166S   23060.91667824 -.00693111  00000+0 -60894+0 0  9997
2 54658  87.1452 125.4724 0007715 353.0295 122.3162 13.88591359 12753
ONEWEB-0592             
1 54658U 22166S   23061.00001157 -.00650420  00000+0 -57092+0 0  9991
2 54658  87.1470 125.4466 0007619 352.9361 178.7206 13.88449212  1304
ONEWEB-0592             
1 54658U 22166S   23061.83334491 -.00740943  00000+0 -66247+0 0  9994
2 54658  87.1650 125.1911 0007558 348.7109  23.9869 13.87282584  1303
ONEWEB-0592             
1 54658U 22166S   23062.50001157 -.00658016  00000+0 -59987+0 0  9991
2 54658  87.1791 124.9878 0007550 346.1448 112.8090 13.86276130 12976
ONEWEB-0592             
1 54658U 22166S   23062.58334491 -.00648545  00000+0 -59202+0 0  9995
2 54658  87.1808 124.9624 0007471 346.4932 168.0755 13.86155712  1305
ONEWEB-0592             
1 54658U 22166S   23062.91667824 -.00695329  00000+0 -64209+0 0  9996
2 54658  87.1879 124.8624 0007379 344.4839  32.1936 13.85693926  1308
