ONEWEB-0464             
1 51651U 22012AF  23059.03496555 -.00002349  00000+0 -67680-2 0  9999
2 51651  87.8761 275.7115 0001089  84.8095 275.3156 13.10356093 52790
ONEWEB-0464             
1 51651U 22012AF  23059.56945090 -.00000263  00000+0 -78960-3 0  9997
2 51651  87.8766 275.6050 0000734  90.1271 269.9940 13.10372548 51561
ONEWEB-0464             
1 51651U 22012AF  23059.56945090 -.00000263  00000+0 -78960-3 0  9997
2 51651  87.8766 275.6050 0000734  90.1271 269.9940 13.10372548 52865
ONEWEB-0464             
1 51651U 22012AF  23059.87488077 -.00000183  00000+0 -56043-3 0  9997
2 51651  87.8764 275.5440 0000620  81.4490 278.6708 13.10372185 51602
ONEWEB-0464             
1 51651U 22012AF  23060.10393892 -.00000902  00000+0 -26192-2 0  9995
2 51651  87.8762 275.4984 0004601 200.6446 159.4496 13.10370583 52938
ONEWEB-0464             
1 51651U 22012AF  23060.56208876  .00001769  00000+0  50298-2 0  9996
2 51651  87.8742 275.4071 0001592 109.3974 250.7325 13.10376813 52994
ONEWEB-0464             
1 51651U 22012AF  23060.86752774  .00002282  00000+0  64994-2 0  9999
2 51651  87.8766 275.3465 0000957  96.3452 263.7785 13.10362268 51730
ONEWEB-0464             
1 51651U 22012AF  23061.09660157  .00001929  00000+0  54904-2 0  9995
2 51651  87.8771 275.2995 0001076  89.6520 270.4730 13.10363944 53062
ONEWEB-0464             
1 51651U 22012AF  23061.63109986 -.00000167  00000+0 -51496-3 0  9992
2 51651  87.8764 275.1934 0000927  91.9657 268.1577 13.10374860 51832
ONEWEB-0464             
1 51651U 22012AF  23061.63109986 -.00000167  00000+0 -51496-3 0  9992
2 51651  87.8764 275.1934 0000927  91.9657 268.1577 13.10374860 53137
ONEWEB-0464             
1 51651U 22012AF  23062.54738795 -.00000408  00000+0 -12049-2 0  9997
2 51651  87.8759 275.0108 0000924  94.2032 265.9201 13.10374117 51955
ONEWEB-0464             
1 51651U 22012AF  23062.85281785 -.00000501  00000+0 -14727-2 0  9992
2 51651  87.8759 274.9496 0000923  93.8629 266.2604 13.10373536 51998
