ONEWEB-0305             
1 49093U 21075U   23059.51358672  .00000404  00000+0  10018-2 0  9995
2 49093  87.9072 245.1977 0002178  96.1343 264.0037 13.18067874 74962
ONEWEB-0305             
1 49093U 21075U   23059.58949869  .00000456  00000+0  11348-2 0  9990
2 49093  87.9072 245.1826 0002182  96.1779 263.9601 13.18067824 75942
ONEWEB-0305             
1 49093U 21075U   23059.89314760  .00000256  00000+0  62139-3 0  9993
2 49093  87.9073 245.1220 0002182  96.1080 264.0301 13.18067757 75018
ONEWEB-0305             
1 49093U 21075U   23060.80409028  .00000053  00000+0  10199-3 0  9992
2 49093  87.9075 244.9405 0002200  95.3360 264.8023 13.18070019 76100
ONEWEB-0305             
1 49093U 21075U   23060.88000283 -.00000023  00000+0 -91310-4 0  9994
2 49093  87.9077 244.9254 0002183  95.4480 264.6901 13.18069487 75141
ONEWEB-0305             
1 49093U 21075U   23061.79094583  .00000104  00000+0  23344-3 0  9990
2 49093  87.9078 244.7438 0002176  94.5793 265.5587 13.18069509 75261
ONEWEB-0305             
1 49093U 21075U   23062.47415326 -.00000012  00000+0 -63035-4 0  9990
2 49093  87.9081 244.6077 0002153  93.9799 266.1579 13.18070036 75352
ONEWEB-0305             
1 49093U 21075U   23062.47415326 -.00000012  00000+0 -63035-4 0  9990
2 49093  87.9081 244.6077 0002153  93.9799 266.1579 13.18070036 76320
ONEWEB-0305             
1 49093U 21075U   23062.77780057  .00000128  00000+0  29574-3 0  9994
2 49093  87.9081 244.5472 0002159  93.8427 266.2952 13.18070193 75397
