ONEWEB-0714             
1 54681U 22166AR  23059.25001157 -.01047817  00000+0 -69679+0 0  9996
2 54681  87.1926 125.8108 0011924 345.4167 100.7642 14.04716033 12632
ONEWEB-0714             
1 54681U 22166AR  23059.58334491 -.00967811  00000+0 -64935+0 0  9996
2 54681  87.1990 125.7064 0011747 344.1307 346.2252 14.03955990  1300
ONEWEB-0714             
1 54681U 22166AR  23059.91667824 -.01034025  00000+0 -70506+0 0  9996
2 54681  87.2059 125.6043 0011594 344.3420 229.3164 14.03274962 12725
ONEWEB-0714             
1 54681U 22166AR  23060.58334491 -.00968120  00000+0 -67483+0 0  9993
2 54681  87.2187 125.3981 0011645 341.2264 356.4923 14.01822956 12820
ONEWEB-0714             
1 54681U 22166AR  23060.91667824 -.01033181  00000+0 -73185+0 0  9996
2 54681  87.2256 125.2971 0011457 341.1975 237.2606 14.01136162 12869
ONEWEB-0714             
1 54681U 22166AR  23061.00001157 -.00978699  00000+0 -69359+0 0  9997
2 54681  87.2271 125.2718 0011442 340.2870 298.2315 14.00929317  1305
ONEWEB-0714             
1 54681U 22166AR  23061.83334491 -.01060609  00000+0 -77885+0 0  9995
2 54681  87.2434 125.0180 0011509 338.4919 177.6008 13.99193811  1302
ONEWEB-0714             
1 54681U 22166AR  23062.41667824 -.01023735  00000+0 -76717+0 0  9991
2 54681  87.2550 124.8413 0011392 335.8252 235.4120 13.97923955 13082
ONEWEB-0714             
1 54681U 22166AR  23062.58334491 -.00972245  00000+0 -73126+0 0  9999
2 54681  87.2579 124.7911 0011450 334.6077 354.7619 13.97545549  1301
ONEWEB-0714             
1 54681U 22166AR  23062.91667824 -.01028582  00000+0 -78565+0 0  9994
2 54681  87.2646 124.6921 0011277 334.5757 230.4094 13.96856401  1305
