ONEWEB-0257             
1 48975U 21060J   23059.55094679 -.00000335  00000+0 -91000-3 0  9991
2 48975  87.8993 108.6849 0001747  93.1171 267.0160 13.16593529 81078
ONEWEB-0257             
1 48975U 21060J   23059.62694374 -.00000305  00000+0 -83080-3 0  9993
2 48975  87.8991 108.6700 0001749  92.5957 267.5374 13.16593507 82371
ONEWEB-0257             
1 48975U 21060J   23059.85493494 -.00000298  00000+0 -81196-3 0  9995
2 48975  87.8991 108.6246 0001756  92.1663 267.9669 13.16593308 81115
ONEWEB-0257             
1 48975U 21060J   23060.84289693  .00000005  00000+0 -19614-4 0  9992
2 48975  87.8992 108.4271 0001747  92.0733 268.0597 13.16591796 81244
ONEWEB-0257             
1 48975U 21060J   23061.14688471  .00000072  00000+0  15550-3 0  9990
2 48975  87.8991 108.3664 0001738  92.0809 268.0521 13.16592514 82575
ONEWEB-0257             
1 48975U 21060J   23061.60286836 -.00000023  00000+0 -95068-4 0  9991
2 48975  87.8989 108.2752 0001722  91.9415 268.1913 13.16591706 81345
ONEWEB-0257             
1 48975U 21060J   23062.21084497  .00000041  00000+0  74219-4 0  9991
2 48975  87.8987 108.1535 0001716  91.6298 268.5030 13.16592123 81427
ONEWEB-0257             
1 48975U 21060J   23062.21084497  .00000041  00000+0  74219-4 0  9991
2 48975  87.8987 108.1535 0001716  91.6298 268.5030 13.16592123 82710
ONEWEB-0257             
1 48975U 21060J   23062.81882132  .00000142  00000+0  33706-3 0  9996
2 48975  87.8986 108.0324 0001698  91.5946 268.5379 13.16592701 81506
