ONEWEB-0587             
1 54654U 22166N   23059.58334491 -.00827069  00000+0 -51559+0 0  9994
2 54654  87.2038 125.7260 0009277 327.2504 248.6936 14.08060922  1309
ONEWEB-0587             
1 54654U 22166N   23059.91667824 -.00886075  00000+0 -55540+0 0  9996
2 54654  87.2108 125.6234 0009400 326.1651 138.0560 14.07472259  1300
ONEWEB-0587             
1 54654U 22166N   23060.25001157 -.00915845  00000+0 -58120+0 0  9991
2 54654  87.2180 125.5197 0009395 323.6058  28.1512 14.06888013 12770
ONEWEB-0587             
1 54654U 22166N   23060.91667824 -.00901476  00000+0 -58443+0 0  9996
2 54654  87.2317 125.3147 0009459 322.8074 161.8703 14.05658099 12860
ONEWEB-0587             
1 54654U 22166N   23061.00001157 -.00851219  00000+0 -55693+0 0  9991
2 54654  87.2337 125.2890 0009330 322.3557 223.7399 14.05479973  1303
ONEWEB-0587             
1 54654U 22166N   23061.83334491 -.00939651  00000+0 -62941+0 0  9993
2 54654  87.2515 125.0343 0009488 319.1989 118.4353 14.03967480  1302
ONEWEB-0587             
1 54654U 22166N   23062.50001157 -.00850497  00000+0 -58510+0 0  9995
2 54654  87.2660 124.8312 0009381 316.3515 247.1879 14.02678321 13085
ONEWEB-0587             
1 54654U 22166N   23062.58334491 -.00846771  00000+0 -58397+0 0  9996
2 54654  87.2677 124.8062 0009361 315.4782 308.5837 14.02526294  1308
ONEWEB-0587             
1 54654U 22166N   23062.91667824 -.00896602  00000+0 -62138+0 0  9998
2 54654  87.2745 124.7066 0009396 315.1806 190.5210 14.01922378  1305
