ONEWEB-0316             
1 49102U 21075AD  23059.16423634 -.00000401  00000+0 -10507-2 0  9990
2 49102  87.9227 214.9029 0001862  93.2242 266.9103 13.18685809 79405
ONEWEB-0316             
1 49102U 21075AD  23059.46774315 -.00000022  00000+0 -89514-4 0  9993
2 49102  87.9228 214.8428 0001920  92.0972 268.0380 13.18684480 78436
ONEWEB-0316             
1 49102U 21075AD  23059.92300258  .00000050  00000+0  94391-4 0  9993
2 49102  87.9230 214.7527 0001906  92.2149 267.9202 13.18684650 78496
ONEWEB-0316             
1 49102U 21075AD  23060.45413887  .00000034  00000+0  53093-4 0  9992
2 49102  87.9229 214.6474 0001924  92.2240 267.9113 13.18684721 79576
ONEWEB-0316             
1 49102U 21075AD  23060.90939860  .00000057  00000+0  11130-3 0  9996
2 49102  87.9231 214.5574 0001912  92.1228 268.0123 13.18684518 78623
ONEWEB-0316             
1 49102U 21075AD  23061.81991867 -.00000091  00000+0 -26422-3 0  9992
2 49102  87.9231 214.3768 0001896  91.9511 268.1838 13.18683765 78749
ONEWEB-0316             
1 49102U 21075AD  23062.35105281  .00000107  00000+0  23913-3 0  9997
2 49102  87.9233 214.2718 0001879  91.6295 268.5052 13.18685356 79822
ONEWEB-0316             
1 49102U 21075AD  23062.42692954  .00000089  00000+0  19407-3 0  9995
2 49102  87.9233 214.2568 0001889  91.6078 268.5270 13.18685225 78821
ONEWEB-0316             
1 49102U 21075AD  23062.88218938 -.00000022  00000+0 -88497-4 0  9996
2 49102  87.9234 214.1667 0001866  91.4491 268.6855 13.18684992 78889
