ONEWEB-0088             
1 45457U 20020AK  23059.24848685  .00000341  00000+0  92760-3 0  9997
2 45457  87.8792 260.4334 0001542  81.9994 278.1309 13.11414297144622
ONEWEB-0088             
1 45457U 20020AK  23059.55367442  .00000433  00000+0  11849-2 0  9998
2 45457  87.8793 260.3724 0001538  82.1374 277.9928 13.11414833144658
ONEWEB-0088             
1 45457U 20020AK  23059.78256568  .00000407  00000+0  11136-2 0  9999
2 45457  87.8793 260.3267 0001534  82.3157 277.8145 13.11414698144689
ONEWEB-0088             
1 45457U 20020AK  23060.46923788  .00000532  00000+0  14663-2 0  9998
2 45457  87.8793 260.1895 0001533  82.7461 277.3842 13.11415490144786
ONEWEB-0088             
1 45457U 20020AK  23060.85072235  .00000578  00000+0  15939-2 0  9990
2 45457  87.8793 260.1134 0001536  82.6704 277.4599 13.11415745144822
ONEWEB-0088             
1 45457U 20020AK  23061.76628430  .00000582  00000+0  16068-2 0  9994
2 45457  87.8795 259.9306 0001507  82.5664 277.5635 13.11416565144949
ONEWEB-0088             
1 45457U 20020AK  23062.07147147  .00000584  00000+0  16115-2 0  9995
2 45457  87.8795 259.8696 0001511  82.7891 277.3408 13.11416668144994
ONEWEB-0088             
1 45457U 20020AK  23062.45295066 -.00002462  00000+0 -69826-2 0  9997
2 45457  87.8796 259.7935 0001481  79.3193 280.8102 13.11431967145038
ONEWEB-0088             
1 45457U 20020AK  23062.45295066 -.00002462  00000+0 -69826-2 0  9997
2 45457  87.8796 259.7935 0001481  79.3193 280.8102 13.11431967145049
ONEWEB-0088             
1 45457U 20020AK  23062.91073621  .00000405  00000+0  11061-2 0  9990
2 45457  87.8795 259.7020 0001523  82.5397 277.5904 13.11416964145102
