ONEWEB-0541             
1 55142U 23004C   23059.33334491 -.01042432  00000+0 -25286+0 0  9994
2 55142  86.8089 265.1910 0013118  52.6501 106.2464 14.56236868  7396
ONEWEB-0541             
1 55142U 23004C   23059.58334491 -.01049501  00000+0 -25767+0 0  9999
2 55142  86.8135 265.0950 0012819  51.2198 337.1864 14.55704135  1305
ONEWEB-0541             
1 55142U 23004C   23059.91667824 -.00999840  00000+0 -24877+0 0  9995
2 55142  86.8195 264.9664 0012685  50.4383 283.2446 14.54934133  1308
ONEWEB-0541             
1 55142U 23004C   23060.58334491 -.01053511  00000+0 -27132+0 0  9995
2 55142  86.8314 264.7134 0012770  49.6741 171.8550 14.53497772  7579
ONEWEB-0541             
1 55142U 23004C   23060.91667824 -.00996222  00000+0 -25989+0 0  9993
2 55142  86.8373 264.5859 0012869  47.9666 116.1859 14.52715006  1303
ONEWEB-0541             
1 55142U 23004C   23061.83334491 -.01040248  00000+0 -28412+0 0  9999
2 55142  86.8541 264.2405 0012452  45.6890 226.0587 14.50705264  1308
ONEWEB-0541             
1 55142U 23004C   23062.58334491 -.01059082  00000+0 -29987+0 0  9996
2 55142  86.8673 263.9607 0012455  43.8934 179.9868 14.49064379  1307
ONEWEB-0541             
1 55142U 23004C   23062.58334491 -.01059082  00000+0 -29987+0 0  9996
2 55142  86.8673 263.9607 0012455  43.8934 179.9868 14.49064379  7864
ONEWEB-0541             
1 55142U 23004C   23062.91667824 -.00999312  00000+0 -28647+0 0  9992
2 55142  86.8732 263.8357 0012604  42.5083 118.6821 14.48282234  1301
