ONEWEB-0381             
1 49307U 21090AE  23059.24960899  .00000026  00000+0  32184-4 0  9990
2 49307  87.9284 154.2626 0002043 106.9674 253.1683 13.20769796 72075
ONEWEB-0381             
1 49307U 21090AE  23059.32536609 -.00000044  00000+0 -13996-3 0  9998
2 49307  87.9284 154.2476 0002042 106.8497 253.2860 13.20769760 70784
ONEWEB-0381             
1 49307U 21090AE  23059.77990792 -.00000062  00000+0 -18513-3 0  9994
2 49307  87.9285 154.1575 0002062 106.8282 253.3078 13.20769417 70846
ONEWEB-0381             
1 49307U 21090AE  23060.31020547 -.00000018  00000+0 -75172-4 0  9994
2 49307  87.9284 154.0523 0002074 106.5246 253.6115 13.20770340 70917
ONEWEB-0381             
1 49307U 21090AE  23060.31020547 -.00000018  00000+0 -75172-4 0  9994
2 49307  87.9284 154.0523 0002074 106.5246 253.6115 13.20770340 72212
ONEWEB-0381             
1 49307U 21090AE  23061.29504563  .00000093  00000+0  19586-3 0  9994
2 49307  87.9284 153.8571 0002085 106.5704 253.5659 13.20769841 71049
ONEWEB-0381             
1 49307U 21090AE  23062.27988545  .00000017  00000+0  97423-5 0  9993
2 49307  87.9280 153.6614 0002134 106.8999 253.2368 13.20770139 71175
ONEWEB-0381             
1 49307U 21090AE  23062.27988545  .00000017  00000+0  97423-5 0  9993
2 49307  87.9280 153.6614 0002134 106.8999 253.2368 13.20770139 72479
