ONEWEB-0287             
1 49077U 21075C   23059.21742305  .00000015  00000+0  60553-5 0  9994
2 49077  87.9074 245.2582 0001899 107.5258 252.6081 13.17945761 75917
ONEWEB-0287             
1 49077U 21075C   23059.52109890  .00000074  00000+0  15751-3 0  9997
2 49077  87.9075 245.1976 0001904 107.2045 252.9295 13.17946289 74984
ONEWEB-0287             
1 49077U 21075C   23059.90069491  .00000066  00000+0  13551-3 0  9998
2 49077  87.9074 245.1218 0001899 106.3877 253.7464 13.17945716 75036
ONEWEB-0287             
1 49077U 21075C   23060.43212782  .00000087  00000+0  19104-3 0  9994
2 49077  87.9075 245.0159 0001910 106.3016 253.8326 13.17946592 76075
ONEWEB-0287             
1 49077U 21075C   23060.88764359 -.00000073  00000+0 -21951-3 0  9995
2 49077  87.9076 244.9251 0001898 106.3630 253.7711 13.17945344 75164
ONEWEB-0287             
1 49077U 21075C   23061.79867214  .00000020  00000+0  16959-4 0  9993
2 49077  87.9077 244.7436 0001903 106.1421 253.9921 13.17945620 75286
ONEWEB-0287             
1 49077U 21075C   23061.79867214  .00000020  00000+0  16959-4 0  9993
2 49077  87.9077 244.7436 0001903 106.1421 253.9921 13.17945620 76254
ONEWEB-0287             
1 49077U 21075C   23062.48194367  .00000066  00000+0  13653-3 0  9999
2 49077  87.9079 244.6075 0001886 105.6590 254.4750 13.17945658 75374
ONEWEB-0287             
1 49077U 21075C   23062.86154012 -.00000101  00000+0 -29181-3 0  9999
2 49077  87.9081 244.5318 0001878 105.8905 254.2434 13.17944948 75423
