ONEWEB-0330             
1 49108U 21075AK  23059.53235928 -.00000010  00000+0 -59374-4 0  9997
2 49108  87.9074 245.1826 0001850  99.6499 260.4842 13.17756209 74982
ONEWEB-0330             
1 49108U 21075AK  23059.91202764 -.00001685  00000+0 -43690-2 0  9992
2 49108  87.9078 245.1069 0001433  88.3288 271.8008 13.17741391 76026
ONEWEB-0330             
1 49108U 21075AK  23060.21573909  .00000260  00000+0  63450-3 0  9992
2 49108  87.9064 245.0466 0002356  95.6719 264.4681 13.17754597 76067
ONEWEB-0330             
1 49108U 21075AK  23060.74724126  .00000703  00000+0  17755-2 0  9997
2 49108  87.9070 244.9405 0001809 100.4468 259.6868 13.17759884 76138
ONEWEB-0330             
1 49108U 21075AK  23060.89910206  .00000633  00000+0  15955-2 0  9991
2 49108  87.9075 244.9103 0001852 100.7785 259.3555 13.17759086 75167
ONEWEB-0330             
1 49108U 21075AK  23061.81026021  .00001740  00000+0  44405-2 0  9999
2 49108  87.9076 244.7287 0002215 106.7583 253.3792 13.17755179 75284
ONEWEB-0330             
1 49108U 21075AK  23062.41770036  .00001404  00000+0  35763-2 0  9992
2 49108  87.9076 244.6077 0001919 100.1349 259.9999 13.17757626 75367
ONEWEB-0330             
1 49108U 21075AK  23062.41770036  .00001404  00000+0  35763-2 0  9992
2 49108  87.9076 244.6077 0001919 100.1349 259.9999 13.17757626 76357
ONEWEB-0330             
1 49108U 21075AK  23062.87327548 -.00000005  00000+0 -45784-4 0  9992
2 49108  87.9078 244.5170 0001862 100.9310 259.2032 13.17764228 75429
