ONEWEB-0532             
1 55140U 23004A   23059.58334491 -.00005667  00000+0 -10474-2 0  9993
2 55140  86.6201 264.1527 0013838  49.1065  23.8880 14.65664610  1307
ONEWEB-0532             
1 55140U 23004A   23059.66667824 -.00053371  00000+0 -98931-2 0  9990
2 55140  86.6201 264.1180 0013816  48.7110 103.6895 14.65684971  7495
ONEWEB-0532             
1 55140U 23004A   23059.91667824  .00048578  00000+0  88712-2 0  9995
2 55140  86.6201 264.0143 0013857  47.8879 342.7621 14.65628886  1300
ONEWEB-0532             
1 55140U 23004A   23060.18400856  .00000680  00000+0  12065-3 0  9997
2 55140  86.6197 263.9049 0013817  46.9756 313.2612 14.65656055  7574
ONEWEB-0532             
1 55140U 23004A   23060.79846175 -.00002336  00000+0 -43402-3 0  9993
2 55140  86.6197 263.6515 0013836  45.1158 315.1177 14.65670009  7669
ONEWEB-0532             
1 55140U 23004A   23060.86673231 -.00003544  00000+0 -65627-3 0  9997
2 55140  86.6197 263.6233 0013703  45.3826 314.8502 14.65676128  7670
ONEWEB-0532             
1 55140U 23004A   23061.07155836  .00000751  00000+0  13371-3 0  9991
2 55140  86.6197 263.5389 0013724  44.2090 316.0217 14.65655138  7704
ONEWEB-0532             
1 55140U 23004A   23061.82256321  .00000829  00000+0  14812-3 0  9992
2 55140  86.6197 263.2291 0013657  41.9222 318.3035 14.65657384  7819
ONEWEB-0532             
1 55140U 23004A   23062.43702076  .00000937  00000+0  16788-3 0  9997
2 55140  86.6196 262.9757 0013590  40.0334 320.1878 14.65659669  7905
ONEWEB-0532             
1 55140U 23004A   23062.50529401  .00000900  00000+0  16120-3 0  9994
2 55140  86.6196 262.9475 0013583  39.8201 320.4006 14.65659654  7914
ONEWEB-0532             
1 55140U 23004A   23062.91493186  .00000997  00000+0  17906-3 0  9998
2 55140  86.6196 262.7786 0013539  38.5382 321.6795 14.65661237  7978
