ONEWEB-0402             
1 50482U 21132P   23059.47827451 -.00000033  00000+0 -11549-3 0  9995
2 50482  87.9224 214.8225 0001062  79.9488 280.1764 13.18686741 62866
ONEWEB-0402             
1 50482U 21132P   23059.70590347  .00000054  00000+0  10491-3 0  9998
2 50482  87.9224 214.7773 0001060  80.3673 279.7579 13.18687076 64179
ONEWEB-0402             
1 50482U 21132P   23059.85765678  .00000000  00000+0 -33456-4 0  9994
2 50482  87.9224 214.7473 0001053  80.7184 279.4067 13.18686787 62916
ONEWEB-0402             
1 50482U 21132P   23060.84405066 -.00000015  00000+0 -71327-4 0  9993
2 50482  87.9224 214.5518 0001028  82.7421 277.3828 13.18687028 63048
ONEWEB-0402             
1 50482U 21132P   23061.14755610  .00000043  00000+0  76095-4 0  9996
2 50482  87.9224 214.4917 0001022  83.3269 276.7979 13.18687329 64361
ONEWEB-0402             
1 50482U 21132P   23061.83044475 -.00000001  00000+0 -34117-4 0  9997
2 50482  87.9226 214.3563 0000998  84.4598 275.6648 13.18686712 63171
ONEWEB-0402             
1 50482U 21132P   23062.36157839  .00000123  00000+0  27846-3 0  9998
2 50482  87.9225 214.2511 0000969  85.2443 274.8799 13.18687920 64528
ONEWEB-0402             
1 50482U 21132P   23062.43745492  .00000129  00000+0  29390-3 0  9996
2 50482  87.9226 214.2361 0000977  85.4367 274.6877 13.18687814 63254
ONEWEB-0402             
1 50482U 21132P   23062.89271378 -.00000056  00000+0 -17410-3 0  9994
2 50482  87.9227 214.1459 0000955  86.2623 273.8619 13.18687909 63319
