ONEWEB-0599             
1 55155U 23004R   23059.28947277 -.00002551  00000+0 -47404-3 0  9991
2 55155  86.6215 264.2733 0014610  55.8098 304.4498 14.65615572  7444
ONEWEB-0599             
1 55155U 23004R   23059.56254830  .00001135  00000+0  20444-3 0  9998
2 55155  86.6215 264.1608 0014508  55.0415 305.2158 14.65642475  7483
ONEWEB-0599             
1 55155U 23004R   23059.63082210  .00001167  00000+0  21035-3 0  9999
2 55155  86.6216 264.1327 0014499  54.8025 305.4544 14.65642763  7497
ONEWEB-0599             
1 55155U 23004R   23059.83564473  .00001082  00000+0  19462-3 0  9994
2 55155  86.6216 264.0483 0014471  53.9919 306.2633 14.65642385  7523
ONEWEB-0599             
1 55155U 23004R   23060.79147888  .00001147  00000+0  20659-3 0  9990
2 55155  86.6216 263.6543 0014395  51.1029 309.1465 14.65644870  7663
ONEWEB-0599             
1 55155U 23004R   23060.85975263  .00001196  00000+0  21559-3 0  9997
2 55155  86.6216 263.6262 0014388  50.8863 309.3627 14.65645049  7677
ONEWEB-0599             
1 55155U 23004R   23061.81559258  .00005077  00000+0  92921-3 0  9999
2 55155  86.6216 263.2322 0014419  47.4205 312.8223 14.65631615  7818
ONEWEB-0599             
1 55155U 23004R   23062.49831707  .00001132  00000+0  20382-3 0  9996
2 55155  86.6215 262.9507 0014229  45.9723 314.2660 14.65653208  7919
ONEWEB-0599             
1 55155U 23004R   23062.90795675  .00001062  00000+0  19101-3 0  9994
2 55155  86.6214 262.7818 0014210  44.6362 315.5993 14.65654281  7977
