ONEWEB-0184             
1 48211U 21031B   23059.36052825  .00000227  00000+0  57684-3 0  9996
2 48211  87.9133 169.3488 0001122 154.3047 205.8139 13.14502876 90002
ONEWEB-0184             
1 48211U 21031B   23059.81723521  .00000053  00000+0  10765-3 0  9990
2 48211  87.9132 169.2585 0001168 153.8910 206.2279 13.14502831 90068
ONEWEB-0184             
1 48211U 21031B   23060.35005846  .00000135  00000+0  32953-3 0  9998
2 48211  87.9130 169.1532 0001217 153.6679 206.4512 13.14503229 90134
ONEWEB-0184             
1 48211U 21031B   23061.03511779 -.00000051  00000+0 -17319-3 0  9999
2 48211  87.9129 169.0179 0001264 153.1074 207.0121 13.14503542 90225
ONEWEB-0184             
1 48211U 21031B   23061.79629488 -.00000107  00000+0 -32249-3 0  9990
2 48211  87.9129 168.8673 0001326 153.5459 206.5739 13.14503203 90325
ONEWEB-0184             
1 48211U 21031B   23062.25300071 -.00000100  00000+0 -30415-3 0  9992
2 48211  87.9129 168.7771 0001354 153.1879 206.9321 13.14503565 90384
ONEWEB-0184             
1 48211U 21031B   23062.32911830 -.00000093  00000+0 -28451-3 0  9999
2 48211  87.9130 168.7621 0001358 152.9273 207.1927 13.14503637 90395
