ONEWEB-0239             
1 48802U 21045AM  23059.14280611  .00000174  00000+0  42797-3 0  9999
2 48802  87.9181 139.1013 0001208 140.2919 219.8300 13.15546523 85903
ONEWEB-0239             
1 48802U 21045AM  23059.75126686  .00000173  00000+0  42446-3 0  9997
2 48802  87.9180 138.9811 0001226 141.0581 219.0638 13.15545771 87125
ONEWEB-0239             
1 48802U 21045AM  23060.58789942  .00000094  00000+0  21537-3 0  9990
2 48802  87.9180 138.8160 0001311 141.6291 218.4933 13.15545887 86094
ONEWEB-0239             
1 48802U 21045AM  23061.12030102  .00000211  00000+0  52696-3 0  9999
2 48802  87.9179 138.7109 0001343 141.5730 218.5496 13.15546322 87301
ONEWEB-0239             
1 48802U 21045AM  23061.65270359  .00000011  00000+0 -42899-5 0  9992
2 48802  87.9179 138.6059 0001381 139.6888 220.4345 13.15546762 86232
ONEWEB-0239             
1 48802U 21045AM  23062.26116275  .00000036  00000+0  62042-4 0  9993
2 48802  87.9178 138.4857 0001414 139.5433 220.5802 13.15546763 86316
ONEWEB-0239             
1 48802U 21045AM  23062.26116275  .00000036  00000+0  62042-4 0  9993
2 48802  87.9178 138.4857 0001414 139.5433 220.5802 13.15546763 87452
ONEWEB-0239             
1 48802U 21045AM  23062.64144983  .00000116  00000+0  27462-3 0  9997
2 48802  87.9178 138.4106 0001442 139.1774 220.9464 13.15546420 86361
