ONEWEB-0284             
1 49002U 21060AM  23059.52772815 -.00000195  00000+0 -54367-3 0  9994
2 49002  87.9004 108.7069 0001628 104.9678 255.1633 13.16593217 81088
ONEWEB-0284             
1 49002U 21060AM  23059.60372466 -.00000130  00000+0 -37464-3 0  9999
2 49002  87.9004 108.6918 0001628 105.2137 254.9174 13.16593644 82402
ONEWEB-0284             
1 49002U 21060AM  23059.83171522  .00000116  00000+0  26850-3 0  9993
2 49002  87.9003 108.6465 0001618 105.9061 254.2248 13.16593423 81128
ONEWEB-0284             
1 49002U 21060AM  23060.81970814 -.00002612  00000+0 -68703-2 0  9991
2 49002  87.8999 108.4494 0002629  95.9577 264.1853 13.16570570 81258
ONEWEB-0284             
1 49002U 21060AM  23060.81970814 -.00002612  00000+0 -68703-2 0  9991
2 49002  87.8999 108.4494 0002629  95.9577 264.1853 13.16570570 82563
ONEWEB-0284             
1 49002U 21060AM  23061.12367667 -.00000185  00000+0 -51836-3 0  9995
2 49002  87.9002 108.3889 0001868  98.8304 261.3039 13.16588691 82603
ONEWEB-0284             
1 49002U 21060AM  23061.57966026 -.00000088  00000+0 -26291-3 0  9997
2 49002  87.9005 108.2984 0001905 103.0682 257.0662 13.16589052 81358
ONEWEB-0284             
1 49002U 21060AM  23062.18763416  .00000217  00000+0  53454-3 0  9996
2 49002  87.9012 108.1782 0001880 107.5553 252.5783 13.16592319 81432
ONEWEB-0284             
1 49002U 21060AM  23062.18763416  .00000217  00000+0  53454-3 0  9996
2 49002  87.9012 108.1782 0001880 107.5553 252.5783 13.16592319 82747
ONEWEB-0284             
1 49002U 21060AM  23062.87155345 -.00048740  00000+0 -12776+0 0  9991
2 49002  87.9007 108.0403 0001827  46.9855 313.1429 13.16833858 81524
ONEWEB-0284             
1 49002U 21060AM  23062.87155345 -.00048740  00000+0 -12776+0 0  9991
2 49002  87.9007 108.0403 0001827  46.9855 313.1429 13.16833858 82839
