ONEWEB-0607             
1 54671U 22166AF  23059.58334491 -.00564404  00000+0 -34752+0 0  9990
2 54671  87.1609 126.1423 0006133 346.5671 260.7295 14.08121839  1302
ONEWEB-0607             
1 54671U 22166AF  23059.66667824 -.00595691  00000+0 -36831+0 0  9990
2 54671  87.1621 126.1158 0006173 345.5441 323.9103 14.08035893 12642
ONEWEB-0607             
1 54671U 22166AF  23059.91667824 -.00622503  00000+0 -38794+0 0  9991
2 54671  87.1662 126.0379 0006185 346.1426 149.6180 14.07723158  1300
ONEWEB-0607             
1 54671U 22166AF  23060.58334491 -.00591178  00000+0 -37331+0 0  9996
2 54671  87.1771 125.8274 0006022 342.5123 288.6632 14.06853173 12775
ONEWEB-0607             
1 54671U 22166AF  23061.00001157 -.00598770  00000+0 -38217+0 0  9993
2 54671  87.1840 125.6978 0005950 341.9765 237.7859 14.06296806  1302
ONEWEB-0607             
1 54671U 22166AF  23061.25001157 -.00669548  00000+0 -43210+0 0  9991
2 54671  87.1881 125.6194 0006080 339.6391  64.8540 14.06006741 12867
ONEWEB-0607             
1 54671U 22166AF  23061.83334491 -.00681538  00000+0 -44655+0 0  9992
2 54671  87.1973 125.4379 0006037 338.9382 135.4595 14.05221301  1308
ONEWEB-0607             
1 54671U 22166AF  23062.50001157 -.00611271  00000+0 -40510+0 0  9990
2 54671  87.2086 125.2306 0005882 335.0866 268.6115 14.04267513 13049
ONEWEB-0607             
1 54671U 22166AF  23062.58334491 -.00602771  00000+0 -39998+0 0  9991
2 54671  87.2097 125.2047 0005886 334.3636 330.3384 14.04157283  1307
ONEWEB-0607             
1 54671U 22166AF  23062.91667824 -.00655873  00000+0 -44047+0 0  9999
2 54671  87.2152 125.1028 0005822 334.8890 213.5168 14.03731300  1303
