ONEWEB-0523             
1 54141U 22138AE  23059.35333571 -.00002061  00000+0 -35522-3 0  9990
2 54141  86.9062 169.4802 0009482 201.0664 159.0162 14.69106605 18966
ONEWEB-0523             
1 54141U 22138AE  23059.35333571 -.00002061  00000+0 -35522-3 0  9990
2 54141  86.9062 169.4802 0009482 201.0664 159.0162 14.69106605 19822
ONEWEB-0523             
1 54141U 22138AE  23059.83012860  .00003405  00000+0  57542-3 0  9995
2 54141  86.9059 169.2982 0009653 200.1503 159.9333 14.69118333 19030
ONEWEB-0523             
1 54141U 22138AE  23060.17068985  .00005041  00000+0  85340-3 0  9998
2 54141  86.9059 169.1690 0009849 199.4615 160.6226 14.69125244 19945
ONEWEB-0523             
1 54141U 22138AE  23060.64747803  .00004875  00000+0  82526-3 0  9990
2 54141  86.9060 168.9880 0009943 197.7595 162.3274 14.69127238 19158
ONEWEB-0523             
1 54141U 22138AE  23061.80537822  .00007170  00000+0  12149-2 0  9991
2 54141  86.9057 168.5482 0010102 192.8784 167.2175 14.69134518 19325
ONEWEB-0523             
1 54141U 22138AE  23062.35026165  .00003095  00000+0  52215-3 0  9996
2 54141  86.9060 168.3414 0010165 191.8301 168.2678 14.69152114 19405
ONEWEB-0523             
1 54141U 22138AE  23062.35026165  .00003095  00000+0  52215-3 0  9996
2 54141  86.9060 168.3414 0010165 191.8301 168.2678 14.69152114 20261
ONEWEB-0523             
1 54141U 22138AE  23062.75892898  .00001585  00000+0  26560-3 0  9990
2 54141  86.9067 168.1861 0010184 190.2124 169.8887 14.69152431 19460
