ONEWEB-0044             
1 45150U 20008V   23059.53980875 -.00000471  00000+0 -13858-2 0  9999
2 45150  87.8749 275.6333 0001599  69.5941 290.5358 13.10369778150718
ONEWEB-0044             
1 45150U 20008V   23059.84524019 -.00000470  00000+0 -13827-2 0  9992
2 45150  87.8747 275.5723 0001601  69.9072 290.2228 13.10369112150750
ONEWEB-0044             
1 45150U 20008V   23060.83789078 -.00000256  00000+0 -77041-3 0  9992
2 45150  87.8747 275.3741 0001597  70.4528 289.6772 13.10369457150887
ONEWEB-0044             
1 45150U 20008V   23060.83789078 -.00000256  00000+0 -77041-3 0  9992
2 45150  87.8747 275.3741 0001597  70.4528 289.6772 13.10369457151653
ONEWEB-0044             
1 45150U 20008V   23061.83054306 -.00000074  00000+0 -24773-3 0  9994
2 45150  87.8746 275.1760 0001544  69.6762 290.4531 13.10368795151010
ONEWEB-0044             
1 45150U 20008V   23062.13597407  .00000006  00000+0 -17829-4 0  9991
2 45150  87.8746 275.1149 0001529  70.3834 289.7458 13.10369451151056
ONEWEB-0044             
1 45150U 20008V   23062.13597407  .00000006  00000+0 -17829-4 0  9991
2 45150  87.8746 275.1149 0001529  70.3834 289.7458 13.10369451151821
ONEWEB-0044             
1 45150U 20008V   23062.82319572  .00000072  00000+0  17091-3 0  9994
2 45150  87.8747 274.9776 0001500  70.1560 289.9729 13.10368446151149
