ONEWEB-0629             
1 55170U 23004AG  23059.33334491 -.01095906  00000+0 -19504+0 0  9995
2 55170  86.6088 264.1075 0017521  63.0687 282.5061 14.70231566  7463
ONEWEB-0629             
1 55170U 23004AG  23059.58334491 -.01116889  00000+0 -20160+0 0  9996
2 55170  86.6112 264.0032 0017624  62.6627 164.9834 14.69673095  1309
ONEWEB-0629             
1 55170U 23004AG  23059.91667824 -.01053914  00000+0 -19302+0 0  9997
2 55170  86.6146 263.8635 0017761  61.0513 128.5859 14.68854368  1307
ONEWEB-0629             
1 55170U 23004AG  23060.58334491 -.01108074  00000+0 -21074+0 0  9990
2 55170  86.6212 263.5882 0017716  58.6590  52.1238 14.67350483  7643
ONEWEB-0629             
1 55170U 23004AG  23060.91667824 -.00888920  00000+0 -17169+0 0  9990
2 55170  86.6235 263.4496 0017763  56.7731  13.2421 14.66487017  1308
ONEWEB-0629             
1 55170U 23004AG  23061.83334491  .00010261  00000+0  18782-2 0  9991
2 55170  86.6246 263.0722 0017829  53.1634 171.0243 14.65656453  1300
ONEWEB-0629             
1 55170U 23004AG  23062.58334491 -.00017476  00000+0 -32221-2 0  9995
2 55170  86.6242 262.7643 0017757  50.9897 167.9032 14.65684645  1304
ONEWEB-0629             
1 55170U 23004AG  23062.58334491 -.00017476  00000+0 -32221-2 0  9995
2 55170  86.6242 262.7643 0017757  50.9897 167.9032 14.65684645  7939
ONEWEB-0629             
1 55170U 23004AG  23062.91667824  .00059705  00000+0  10874-1 0  9999
2 55170  86.6242 262.6261 0017812  49.7261 126.8424 14.65638855  1303
