ONEWEB-0543             
1 55143U 23004D   23059.59907984  .00001069  00000+0  19229-3 0  9998
2 55143  86.6204 264.2037 0011881  57.4291 302.8068 14.65667675  7486
ONEWEB-0543             
1 55143U 23004D   23059.94044340  .00001061  00000+0  19086-3 0  9998
2 55143  86.6204 264.0630 0011851  56.4344 303.7999 14.65668431  7538
ONEWEB-0543             
1 55143U 23004D   23060.89626002  .00001169  00000+0  21055-3 0  9993
2 55143  86.6204 263.6689 0011788  53.6634 306.5665 14.65670907  7674
ONEWEB-0543             
1 55143U 23004D   23061.10107805  .00001030  00000+0  18513-3 0  9995
2 55143  86.6204 263.5844 0011768  53.0667 307.1622 14.65671247  7706
ONEWEB-0543             
1 55143U 23004D   23061.78380307  .00001127  00000+0  20283-3 0  9993
2 55143  86.6204 263.3029 0011709  51.0499 309.1756 14.65673178  7801
ONEWEB-0543             
1 55143U 23004D   23062.39825465  .00001238  00000+0  22337-3 0  9995
2 55143  86.6203 263.0495 0011665  49.2615 310.9610 14.65675529  7894
ONEWEB-0543             
1 55143U 23004D   23062.53479966  .00001219  00000+0  21989-3 0  9993
2 55143  86.6203 262.9932 0011652  48.8524 311.3692 14.65675422  7918
ONEWEB-0543             
1 55143U 23004D   23062.87616096  .00001298  00000+0  23428-3 0  9994
2 55143  86.6203 262.8524 0011624  47.8643 312.3557 14.65677066  7966
