ONEWEB-0047             
1 45152U 20008X   23059.07387796 -.00000286  00000+0 -85521-3 0  9994
2 45152  87.8748 275.7253 0001591  82.3844 277.7464 13.10370246151165
ONEWEB-0047             
1 45152U 20008X   23059.53202374 -.00000200  00000+0 -60970-3 0  9990
2 45152  87.8748 275.6338 0001592  82.5516 277.5792 13.10370998150432
ONEWEB-0047             
1 45152U 20008X   23059.83745432 -.00000001  00000+0 -38515-4 0  9990
2 45152  87.8748 275.5728 0001593  82.5997 277.5312 13.10370891150472
ONEWEB-0047             
1 45152U 20008X   23060.14288567 -.00000049  00000+0 -17716-3 0  9998
2 45152  87.8747 275.5121 0001574  81.9567 278.1739 13.10370972151306
ONEWEB-0047             
1 45152U 20008X   23060.83010598  .00000088  00000+0  21645-3 0  9998
2 45152  87.8748 275.3749 0001568  81.8608 278.2698 13.10370313150605
ONEWEB-0047             
1 45152U 20008X   23061.82275638  .00000282  00000+0  77275-3 0  9992
2 45152  87.8748 275.1766 0001551  81.5871 278.5432 13.10371121150734
ONEWEB-0047             
1 45152U 20008X   23061.82275638  .00000282  00000+0  77275-3 0  9992
2 45152  87.8748 275.1766 0001551  81.5871 278.5432 13.10371121151522
ONEWEB-0047             
1 45152U 20008X   23062.12818702  .00000445  00000+0  12382-2 0  9999
2 45152  87.8747 275.1156 0001555  81.2918 278.8385 13.10371301150773
ONEWEB-0047             
1 45152U 20008X   23062.81540636  .00000513  00000+0  14341-2 0  9996
2 45152  87.8749 274.9783 0001555  81.5629 278.5674 13.10371691150860
