ONEWEB-0390             
1 50470U 21132B   23059.54740575  .00000117  00000+0  26847-3 0  9999
2 50470  87.9072 245.1440 0002147 102.3119 257.8253 13.17512725 59440
ONEWEB-0390             
1 50470U 21132B   23059.54740575  .00000117  00000+0  26847-3 0  9999
2 50470  87.9072 245.1440 0002147 102.3119 257.8253 13.17512725 60734
ONEWEB-0390             
1 50470U 21132B   23059.92712617  .00000039  00000+0  67100-4 0  9998
2 50470  87.9073 245.0684 0002164 102.2070 257.9304 13.17512908 59490
ONEWEB-0390             
1 50470U 21132B   23060.76251070  .00000097  00000+0  21609-3 0  9990
2 50470  87.9076 244.9023 0002189 101.9129 258.2248 13.17512632 60897
ONEWEB-0390             
1 50470U 21132B   23060.91439926  .00000044  00000+0  79103-4 0  9990
2 50470  87.9076 244.8720 0002188 101.8624 258.2753 13.17512281 59628
ONEWEB-0390             
1 50470U 21132B   23061.74978270  .00000088  00000+0  19266-3 0  9993
2 50470  87.9077 244.7056 0002191 101.2812 258.8565 13.17513326 59737
ONEWEB-0390             
1 50470U 21132B   23062.20544645  .00000109  00000+0  24822-3 0  9998
2 50470  87.9078 244.6148 0002197 101.2874 258.8504 13.17513902 61087
ONEWEB-0390             
1 50470U 21132B   23062.50922241  .00000168  00000+0  40120-3 0  9997
2 50470  87.9079 244.5543 0002192 101.1355 259.0023 13.17513733 59835
ONEWEB-0390             
1 50470U 21132B   23062.88894370  .00000063  00000+0  12962-3 0  9996
2 50470  87.9080 244.4788 0002198 101.0852 259.0526 13.17512707 59887
