ONEWEB-0618             
1 55159U 23004V   23059.58334491 -.00915509  00000+0 -16278+0 0  9993
2 55159  86.6048 264.0756 0013260  58.1298 270.3143 14.70280245  1301
ONEWEB-0618             
1 55159U 23004V   23059.75001157 -.00947515  00000+0 -17009+0 0  9997
2 55159  86.6063 264.0052 0013394  57.2786  72.6563 14.69968305  7513
ONEWEB-0618             
1 55159U 23004V   23059.91667824 -.00863252  00000+0 -15527+0 0  9992
2 55159  86.6076 263.9356 0013220  57.2247 234.0185 14.69600884  1302
ONEWEB-0618             
1 55159U 23004V   23060.25001157 -.00946253  00000+0 -17363+0 0  9995
2 55159  86.6103 263.7978 0013279  56.7773 196.4663 14.69005414  7589
ONEWEB-0618             
1 55159U 23004V   23060.91667824 -.00856895  00000+0 -16094+0 0  9999
2 55159  86.6159 263.5199 0013316  54.3770 120.6053 14.67676850  1308
ONEWEB-0618             
1 55159U 23004V   23060.91667824 -.00856895  00000+0 -16094+0 0  9999
2 55159  86.6159 263.5199 0013316  54.3770 120.6053 14.67676850  7685
ONEWEB-0618             
1 55159U 23004V   23061.83334491 -.00146105  00000+0 -27413-1 0  9997
2 55159  86.6214 263.1410 0013002  52.6171 279.7319 14.65755093  1306
ONEWEB-0618             
1 55159U 23004V   23062.58334491 -.00015509  00000+0 -28625-2 0  9990
2 55159  86.6213 262.8330 0012897  51.1734 275.9273 14.65681063  1304
ONEWEB-0618             
1 55159U 23004V   23062.58334491 -.00015509  00000+0 -28625-2 0  9990
2 55159  86.6213 262.8330 0012897  51.1734 275.9273 14.65681063  7939
ONEWEB-0618             
1 55159U 23004V   23062.91667824  .00054216  00000+0  98927-2 0  9994
2 55159  86.6212 262.6946 0012930  49.8228 234.9492 14.65638485  1302
