ONEWEB-0214             
1 48788U 21045X   23059.26323316 -.00000006  00000+0 -49063-4 0  9995
2 48788  87.9088 139.0961 0001413  74.8663 285.2624 13.15547815 86989
ONEWEB-0214             
1 48788U 21045X   23059.41534745  .00000005  00000+0 -20731-4 0  9991
2 48788  87.9087 139.0659 0001410  75.1699 284.9587 13.15548158 85885
ONEWEB-0214             
1 48788U 21045X   23059.71957685 -.00000075  00000+0 -23420-3 0  9991
2 48788  87.9086 139.0055 0001396  75.3307 284.7978 13.15548083 85929
ONEWEB-0214             
1 48788U 21045X   23060.25197771 -.00000053  00000+0 -17451-3 0  9997
2 48788  87.9084 138.8998 0001391  75.9359 284.1926 13.15548408 85993
ONEWEB-0214             
1 48788U 21045X   23061.16466560 -.00000026  00000+0 -10296-3 0  9993
2 48788  87.9082 138.7187 0001353  76.6739 283.4542 13.15548228 87233
ONEWEB-0214             
1 48788U 21045X   23061.62101027 -.00000166  00000+0 -47553-3 0  9999
2 48788  87.9083 138.6280 0001339  77.0461 283.0819 13.15548016 86178
ONEWEB-0214             
1 48788U 21045X   23062.30552600 -.00000075  00000+0 -23425-3 0  9993
2 48788  87.9084 138.4922 0001310  77.1156 283.0121 13.15548442 86260
ONEWEB-0214             
1 48788U 21045X   23062.30552600 -.00000075  00000+0 -23425-3 0  9993
2 48788  87.9084 138.4922 0001310  77.1156 283.0121 13.15548442 87384
