ONEWEB-0193             
1 48238U 21031AE  23059.35419624  .00000154  00000+0  38014-3 0  9993
2 48238  87.9132 169.3759 0001605 116.4649 243.6645 13.14504182 90020
ONEWEB-0193             
1 48238U 21031AE  23059.81090303  .00000040  00000+0  73982-4 0  9991
2 48238  87.9131 169.2857 0001625 116.6320 243.4977 13.14503342 90086
ONEWEB-0193             
1 48238U 21031AE  23060.03925496  .00000073  00000+0  16315-3 0  9999
2 48238  87.9130 169.2406 0001609 116.9223 243.2071 13.14504395 90118
ONEWEB-0193             
1 48238U 21031AE  23060.49596118 -.00000031  00000+0 -11795-3 0  9997
2 48238  87.9130 169.1504 0001639 116.6929 243.4369 13.14504117 90179
ONEWEB-0193             
1 48238U 21031AE  23061.78996183 -.00000183  00000+0 -52714-3 0  9990
2 48238  87.9127 168.8943 0001691 117.8873 242.2428 13.14503608 90343
ONEWEB-0193             
1 48238U 21031AE  23062.32278466 -.00000134  00000+0 -39689-3 0  9990
2 48238  87.9128 168.7888 0001709 118.0995 242.0308 13.14504614 90410
