ONEWEB-0450             
1 50504U 21132AM  23059.49726324  .00000109  00000+0  24395-3 0  9994
2 50504  87.9223 214.8306 0001102 103.9381 256.1873 13.18687996 62839
ONEWEB-0450             
1 50504U 21132AM  23059.49726324  .00000109  00000+0  24395-3 0  9994
2 50504  87.9223 214.8306 0001102 103.9381 256.1873 13.18687996 64123
ONEWEB-0450             
1 50504U 21132AM  23059.87664577  .00000028  00000+0  38414-4 0  9995
2 50504  87.9225 214.7554 0001103 104.4374 255.6880 13.18687630 62886
ONEWEB-0450             
1 50504U 21132AM  23060.71128572  .00000056  00000+0  11034-3 0  9999
2 50504  87.9225 214.5901 0001096 105.3016 254.8238 13.18688168 64285
ONEWEB-0450             
1 50504U 21132AM  23060.86303903 -.00000006  00000+0 -48212-4 0  9994
2 50504  87.9225 214.5600 0001093 105.7967 254.3285 13.18687748 63017
ONEWEB-0450             
1 50504U 21132AM  23061.69767881  .00000107  00000+0  23892-3 0  9991
2 50504  87.9227 214.3947 0001098 106.8926 253.2327 13.18688398 63122
ONEWEB-0450             
1 50504U 21132AM  23062.38056687  .00000123  00000+0  28016-3 0  9994
2 50504  87.9229 214.2594 0001076 108.4859 251.6390 13.18687997 64509
ONEWEB-0450             
1 50504U 21132AM  23062.45644332  .00000105  00000+0  23446-3 0  9994
2 50504  87.9229 214.2444 0001080 108.6321 251.4928 13.18688005 63228
ONEWEB-0450             
1 50504U 21132AM  23062.83582542  .00000024  00000+0  28138-4 0  9994
2 50504  87.9229 214.1692 0001090 109.4764 250.6486 13.18688294 63278
