ONEWEB-0425             
1 51628U 22012G   23059.56785922 -.00000416  00000+0 -12268-2 0  9995
2 51628  87.8761 275.6052 0001912  67.2805 292.8524 13.10373067 51569
ONEWEB-0425             
1 51628U 22012G   23059.87328834 -.00000390  00000+0 -11541-2 0  9998
2 51628  87.8761 275.5441 0001911  66.9378 293.1950 13.10373198 51607
ONEWEB-0425             
1 51628U 22012G   23060.10235997 -.00000321  00000+0 -95581-3 0  9994
2 51628  87.8758 275.4983 0001905  66.6816 293.4512 13.10373305 52923
ONEWEB-0425             
1 51628U 22012G   23060.86593539 -.00000142  00000+0 -44222-3 0  9993
2 51628  87.8756 275.3454 0001910  66.0853 294.0474 13.10370470 51736
ONEWEB-0425             
1 51628U 22012G   23061.62951057 -.00000313  00000+0 -93366-3 0  9994
2 51628  87.8758 275.1933 0001875  66.3614 293.7710 13.10370352 51835
ONEWEB-0425             
1 51628U 22012G   23061.62951057 -.00000313  00000+0 -93366-3 0  9994
2 51628  87.8758 275.1933 0001875  66.3614 293.7710 13.10370352 53129
ONEWEB-0425             
1 51628U 22012G   23062.08765557 -.00000346  00000+0 -10279-2 0  9990
2 51628  87.8756 275.1016 0001861  66.0884 294.0438 13.10370308 51894
ONEWEB-0425             
1 51628U 22012G   23062.85123197 -.00000493  00000+0 -14493-2 0  9998
2 51628  87.8757 274.9493 0001837  66.3030 293.8290 13.10369311 51996
