ONEWEB-0490             
1 54113U 22138A   23059.40628063 -.00000047  00000+0 -14845-3 0  9995
2 54113  87.9385 184.5282 0001420 104.6001 255.5289 13.19729419 17926
ONEWEB-0490             
1 54113U 22138A   23059.40628063 -.00000047  00000+0 -14845-3 0  9995
2 54113  87.9385 184.5282 0001420 104.6001 255.5289 13.19729419 18792
ONEWEB-0490             
1 54113U 22138A   23059.86118012  .00000037  00000+0  59627-4 0  9998
2 54113  87.9385 184.4386 0001429 104.9508 255.1783 13.19729249 17986
ONEWEB-0490             
1 54113U 22138A   23060.84679565  .00000074  00000+0  15139-3 0  9993
2 54113  87.9387 184.2440 0001491 109.1214 251.0080 13.19729021 18116
ONEWEB-0490             
1 54113U 22138A   23061.07424479  .00000161  00000+0  37104-3 0  9994
2 54113  87.9387 184.1994 0001485 108.3888 251.7406 13.19729688 19018
ONEWEB-0490             
1 54113U 22138A   23061.83241168 -.00000019  00000+0 -78666-4 0  9993
2 54113  87.9390 184.0501 0001506 108.5448 251.5848 13.19729290 18244
ONEWEB-0490             
1 54113U 22138A   23062.36313048 -.00000334  00000+0 -86735-3 0  9994
2 54113  87.9392 183.9460 0001518 107.0697 253.0602 13.19727543 18313
ONEWEB-0490             
1 54113U 22138A   23062.36313048 -.00000334  00000+0 -86735-3 0  9994
2 54113  87.9392 183.9460 0001518 107.0697 253.0602 13.19727543 19189
ONEWEB-0490             
1 54113U 22138A   23062.89384689 -.00000157  00000+0 -42498-3 0  9992
2 54113  87.9380 183.8409 0001553 107.1308 252.9994 13.19727610 18385
