ONEWEB-0338             
1 49204U 21083U   23059.27906626  .00000136  00000+0  30276-3 0  9990
2 49204  87.9295 154.2865 0001162 119.2603 240.8646 13.20768211 77762
ONEWEB-0338             
1 49204U 21083U   23059.27906626  .00000136  00000+0  30276-3 0  9990
2 49204  87.9295 154.2865 0001162 119.2603 240.8646 13.20768211 79067
ONEWEB-0338             
1 49204U 21083U   23059.80936648 -.00000056  00000+0 -17064-3 0  9999
2 49204  87.9294 154.1813 0001158 120.3474 239.7774 13.20767109 77839
ONEWEB-0338             
1 49204U 21083U   23060.26390667  .00000115  00000+0  25131-3 0  9994
2 49204  87.9293 154.0913 0001168 120.8023 239.3225 13.20768665 77895
ONEWEB-0338             
1 49204U 21083U   23061.17299051  .00000073  00000+0  14719-3 0  9993
2 49204  87.9292 153.9111 0001184 122.1991 237.9257 13.20768511 79317
ONEWEB-0338             
1 49204U 21083U   23061.62753430 -.00000152  00000+0 -40685-3 0  9990
2 49204  87.9291 153.8208 0001137 121.5505 238.5740 13.20767002 78074
ONEWEB-0338             
1 49204U 21083U   23062.30934573 -.00000274  00000+0 -70495-3 0  9992
2 49204  87.9290 153.6851 0001158 117.9431 242.1819 13.20769610 78160
ONEWEB-0338             
1 49204U 21083U   23062.30934573 -.00000274  00000+0 -70495-3 0  9992
2 49204  87.9290 153.6851 0001158 117.9431 242.1819 13.20769610 79464
