ONEWEB-0591             
1 54657U 22166R   23059.25001157 -.01030694  00000+0 -65114+0 0  9994
2 54657  87.1931 125.8320 0011913 341.4003 175.4509 14.07503077 12636
ONEWEB-0591             
1 54657U 22166R   23059.58334491 -.00953912  00000+0 -60802+0 0  9995
2 54657  87.1997 125.7274 0012007 339.8539  64.5201 14.06756997  1304
ONEWEB-0591             
1 54657U 22166R   23060.00001157 -.00962472  00000+0 -62360+0 0  9996
2 54657  87.2077 125.5989 0011794 338.3343  14.2443 14.05880230 12741
ONEWEB-0591             
1 54657U 22166R   23060.58334491 -.00955951  00000+0 -63296+0 0  9992
2 54657  87.2190 125.4178 0011899 336.8143  85.0339 14.04653042 12820
ONEWEB-0591             
1 54657U 22166R   23061.00001157 -.00962021  00000+0 -64736+0 0  9996
2 54657  87.2271 125.2905 0011709 335.1209  31.7779 14.03773608  1308
ONEWEB-0591             
1 54657U 22166R   23061.25001157 -.01035202  00000+0 -70565+0 0  9993
2 54657  87.2318 125.2136 0011606 334.8951 214.3815 14.03295534 12918
ONEWEB-0591             
1 54657U 22166R   23061.83334491 -.01044299  00000+0 -72804+0 0  9991
2 54657  87.2432 125.0359 0011462 333.0619 279.9755 14.02067256  1300
ONEWEB-0591             
1 54657U 22166R   23061.83334491 -.01044299  00000+0 -72804+0 0  9991
2 54657  87.2432 125.0359 0011462 333.0619 279.9755 14.02067256 13000
ONEWEB-0591             
1 54657U 22166R   23062.50001157 -.00968147  00000+0 -68943+0 0  9991
2 54657  87.2559 124.8329 0011620 330.1052  44.0887 14.00622005 13092
ONEWEB-0591             
1 54657U 22166R   23062.58334491 -.00957903  00000+0 -68385+0 0  9997
2 54657  87.2575 124.8078 0011648 330.5982 103.4993 14.00446698  1308
ONEWEB-0591             
1 54657U 22166R   23062.91667824 -.01009312  00000+0 -73151+0 0  9993
2 54657  87.2638 124.7083 0011367 328.9819 344.2142 13.99767088  1308
