ONEWEB-0531             
1 54146U 22138AK  23059.28954205  .00003889  00000+0  65758-3 0  9991
2 54146  86.9065 169.5134 0010040 201.1639 158.9163 14.69125632 19813
ONEWEB-0531             
1 54146U 22138AK  23059.49387949  .00003631  00000+0  61364-3 0  9993
2 54146  86.9065 169.4359 0010072 200.3819 159.6997 14.69126396 18985
ONEWEB-0531             
1 54146U 22138AK  23059.76632934  .00003274  00000+0  55305-3 0  9991
2 54146  86.9065 169.3326 0010095 199.4415 160.6417 14.69127488 19021
ONEWEB-0531             
1 54146U 22138AK  23060.44745102  .00003066  00000+0  51760-3 0  9990
2 54146  86.9066 169.0742 0010214 196.7876 163.3003 14.69132431 19985
ONEWEB-0531             
1 54146U 22138AK  23060.58367511  .00002939  00000+0  49588-3 0  9992
2 54146  86.9066 169.0225 0010238 196.2965 163.7923 14.69133161 19145
ONEWEB-0531             
1 54146U 22138AK  23061.80969039  .00002609  00000+0  43968-3 0  9991
2 54146  86.9068 168.5573 0010403 191.9518 168.1452 14.69139449 19328
ONEWEB-0531             
1 54146U 22138AK  23062.35458254  .00003379  00000+0  57061-3 0  9998
2 54146  86.9068 168.3506 0010464 190.0666 170.0342 14.69145899 19408
ONEWEB-0531             
1 54146U 22138AK  23062.35458254  .00003379  00000+0  57061-3 0  9998
2 54146  86.9068 168.3506 0010464 190.0666 170.0342 14.69145899 20264
ONEWEB-0531             
1 54146U 22138AK  23062.69514073  .00003121  00000+0  52674-3 0  9997
2 54146  86.9069 168.2213 0010489 188.9802 171.1228 14.69146978 19457
