ONEWEB-0594             
1 54660U 22166U   23059.58334491 -.00973668  00000+0 -62385+0 0  9997
2 54660  87.1733 125.6522 0012302 332.0993  31.3628 14.06532646  1306
ONEWEB-0594             
1 54660U 22166U   23059.66667824 -.01013753  00000+0 -65289+0 0  9992
2 54660  87.1749 125.6263 0012385 332.3871  92.7425 14.06379140 12692
ONEWEB-0594             
1 54660U 22166U   23059.91667824 -.01037017  00000+0 -67532+0 0  9992
2 54660  87.1799 125.5488 0012026 331.7279 278.1186 14.05843466  1308
ONEWEB-0594             
1 54660U 22166U   23060.25001157 -.01058237  00000+0 -69871+0 0  9997
2 54660  87.1862 125.4443 0012171 330.9773 164.3841 14.05146585 12775
ONEWEB-0594             
1 54660U 22166U   23060.91667824 -.01035890  00000+0 -70120+0 0  9998
2 54660  87.1994 125.2374 0011879 328.6552 295.1909 14.03686825 12878
ONEWEB-0594             
1 54660U 22166U   23061.00001157 -.00984146  00000+0 -66659+0 0  9998
2 54660  87.2009 125.2115 0011941 327.9271 356.7436 14.03480628  1307
ONEWEB-0594             
1 54660U 22166U   23061.83334491 -.01069233  00000+0 -75089+0 0  9998
2 54660  87.2173 124.9545 0011769 326.6162 243.2587 14.01737828  1307
ONEWEB-0594             
1 54660U 22166U   23062.50001157 -.00990210  00000+0 -71062+0 0  9997
2 54660  87.2299 124.7498 0011865 323.3673   6.8290 14.00257593 13097
ONEWEB-0594             
1 54660U 22166U   23062.58334491 -.00976155  00000+0 -70221+0 0  9993
2 54660  87.2317 124.7244 0011944 323.4898  66.5003 14.00076036  1302
ONEWEB-0594             
1 54660U 22166U   23062.91667824 -.01031151  00000+0 -75340+0 0  9995
2 54660  87.2382 124.6242 0011633 322.5821 306.0545 13.99381512  1300
