ONEWEB-0021             
1 45134U 20008D   23059.52113268  .00000325  00000+0  89365-3 0  9997
2 45134  87.8690 275.6591 0001425  80.8215 279.3073 13.10368874150882
ONEWEB-0021             
1 45134U 20008D   23059.52113268  .00000325  00000+0  89365-3 0  9997
2 45134  87.8690 275.6591 0001425  80.8215 279.3073 13.10368874151759
ONEWEB-0021             
1 45134U 20008D   23059.82656435  .00000422  00000+0  11722-2 0  9997
2 45134  87.8691 275.5980 0001419  80.9684 279.1603 13.10368574150927
ONEWEB-0021             
1 45134U 20008D   23060.81921518  .00000689  00000+0  19387-2 0  9995
2 45134  87.8694 275.3992 0001433  81.4082 278.7208 13.10369961151057
ONEWEB-0021             
1 45134U 20008D   23060.81921518  .00000689  00000+0  19387-2 0  9995
2 45134  87.8694 275.3992 0001433  81.4082 278.7208 13.10369961151923
ONEWEB-0021             
1 45134U 20008D   23061.81186620  .00000638  00000+0  17913-2 0  9990
2 45134  87.8697 275.2007 0001410  80.1077 280.0209 13.10370483151183
ONEWEB-0021             
1 45134U 20008D   23062.11729655  .00000713  00000+0  20056-2 0  9991
2 45134  87.8695 275.1394 0001413  80.6305 279.4982 13.10370924151226
ONEWEB-0021             
1 45134U 20008D   23062.11729655  .00000713  00000+0  20056-2 0  9991
2 45134  87.8695 275.1394 0001413  80.6305 279.4982 13.10370924152092
ONEWEB-0021             
1 45134U 20008D   23062.88087266  .00000576  00000+0  16139-2 0  9994
2 45134  87.8695 274.9865 0001380  80.3419 279.7865 13.10372025151320
