ONEWEB-0603             
1 54667U 22166AB  23059.25001157 -.00801091  00000+0 -58709+0 0  9993
2 54667  87.1072 126.3152 0008839   5.2975  81.0136 13.98930971 12542
ONEWEB-0603             
1 54667U 22166AB  23059.58334491 -.00724842  00000+0 -53390+0 0  9998
2 54667  87.1136 126.2087 0008663   4.0358 319.6249 13.98350311  1307
ONEWEB-0603             
1 54667U 22166AB  23060.00001157 -.00737264  00000+0 -54996+0 0  9992
2 54667  87.1221 126.0784 0008536   3.8104 255.6173 13.97682741 12658
ONEWEB-0603             
1 54667U 22166AB  23060.58334491 -.00724992  00000+0 -54935+0 0  9992
2 54667  87.1333 125.8940 0008473   1.0939 310.7182 13.96745530 12736
ONEWEB-0603             
1 54667U 22166AB  23061.00001157 -.00734313  00000+0 -56335+0 0  9994
2 54667  87.1419 125.7647 0008350   0.7348 244.4397 13.96077154  1300
ONEWEB-0603             
1 54667U 22166AB  23061.25001157 -.00801648  00000+0 -62169+0 0  9999
2 54667  87.1468 125.6864 0008478 358.8104  61.8813 13.95721821 12821
ONEWEB-0603             
1 54667U 22166AB  23061.83334491 -.00812581  00000+0 -64106+0 0  9994
2 54667  87.1580 125.5055 0008411 357.7937 111.0838 13.94785591 12903
ONEWEB-0603             
1 54667U 22166AB  23061.83334491 -.00812581  00000+0 -64106+0 0  9994
2 54667  87.1580 125.5055 0008411 357.7937 111.0838 13.94785591  1305
ONEWEB-0603             
1 54667U 22166AB  23062.50001157 -.00389653  00000+0 -31029+0 0  9996
2 54667  87.1697 125.2988 0008266 355.0499 217.9556 13.93561356 13001
ONEWEB-0603             
1 54667U 22166AB  23062.58334491 -.00327839  00000+0 -26143+0 0  9993
2 54667  87.1710 125.2733 0008180 354.4337 276.3886 13.93456873  1306
ONEWEB-0603             
1 54667U 22166AB  23062.91667824 -.00771181  00000+0 -62312+0 0  9990
2 54667  87.1764 125.1718 0008152 353.7287 148.0908 13.93255904  1304
ONEWEB-0603             
1 54667U 22166AB  23062.91667824 -.00771181  00000+0 -62312+0 0  9990
2 54667  87.1764 125.1718 0008152 353.7287 148.0908 13.93255904 13059
