ONEWEB-0327             
1 49196U 21083L   23059.44036283  .00000051  00000+0  96856-4 0  9995
2 49196  87.9229 214.7928 0002398  88.4508 271.6899 13.18682113 71246
ONEWEB-0327             
1 49196U 21083L   23059.44036283  .00000051  00000+0  96856-4 0  9995
2 49196  87.9229 214.7928 0002398  88.4508 271.6899 13.18682113 72528
ONEWEB-0327             
1 49196U 21083L   23059.89562038  .00000322  00000+0  78308-3 0  9998
2 49196  87.9231 214.7027 0002405  88.2626 271.8782 13.18684534 71306
ONEWEB-0327             
1 49196U 21083L   23060.42675393  .00000547  00000+0  13556-2 0  9990
2 49196  87.9231 214.5974 0002404  87.9037 272.2370 13.18686870 72658
ONEWEB-0327             
1 49196U 21083L   23060.88201398  .00000395  00000+0  96823-3 0  9990
2 49196  87.9229 214.5071 0002385  87.3431 272.7974 13.18685959 71430
ONEWEB-0327             
1 49196U 21083L   23061.71665390  .00000238  00000+0  56979-3 0  9993
2 49196  87.9231 214.3416 0002350  85.7996 274.3405 13.18688060 71549
ONEWEB-0327             
1 49196U 21083L   23061.71665390  .00000238  00000+0  56979-3 0  9993
2 49196  87.9231 214.3416 0002350  85.7996 274.3405 13.18688060 72821
ONEWEB-0327             
1 49196U 21083L   23062.32365376  .00001011  00000+0  25322-2 0  9999
2 49196  87.9224 214.2219 0002104  88.3397 271.7976 13.18697544 72904
ONEWEB-0327             
1 49196U 21083L   23062.47540307  .00001411  00000+0  35437-2 0  9996
2 49196  87.9229 214.1910 0002341  88.7614 271.3786 13.18700516 71644
ONEWEB-0327             
1 49196U 21083L   23062.85478059  .00001489  00000+0  37419-2 0  9999
2 49196  87.9228 214.1165 0002391  86.7210 273.4195 13.18701507 71693
