ONEWEB-0020             
1 45133U 20008C   23059.58347404  .00000664  00000+0  18667-2 0  9995
2 45133  87.8756 275.6093 0001818  92.8285 267.3051 13.10374499150587
ONEWEB-0020             
1 45133U 20008C   23059.88890389  .00000645  00000+0  18116-2 0  9991
2 45133  87.8756 275.5483 0001824  92.9379 267.1957 13.10374409150620
ONEWEB-0020             
1 45133U 20008C   23060.11797542  .00000749  00000+0  21101-2 0  9999
2 45133  87.8754 275.5024 0001821  92.6471 267.4865 13.10374957151435
ONEWEB-0020             
1 45133U 20008C   23060.88154864  .00000623  00000+0  17479-2 0  9991
2 45133  87.8756 275.3498 0001851  91.7239 268.4101 13.10375691150759
ONEWEB-0020             
1 45133U 20008C   23061.64512093  .00000517  00000+0  14434-2 0  9998
2 45133  87.8759 275.1973 0001820  91.2558 268.8778 13.10376364150856
ONEWEB-0020             
1 45133U 20008C   23061.64512093  .00000517  00000+0  14434-2 0  9998
2 45133  87.8759 275.1973 0001820  91.2558 268.8778 13.10376364151633
ONEWEB-0020             
1 45133U 20008C   23062.10326394  .00000371  00000+0  10262-2 0  9990
2 45133  87.8758 275.1059 0001825  91.6645 268.4691 13.10377111150914
ONEWEB-0020             
1 45133U 20008C   23062.86683550  .00000261  00000+0  71207-3 0  9998
2 45133  87.8759 274.9534 0001818  91.7347 268.3989 13.10377173151011
