ONEWEB-0207             
1 48242U 21031AJ  23059.00846738 -.00000263  00000+0 -74301-3 0  9992
2 48242  87.9132 169.4284 0002023 104.6496 255.4858 13.14505349 89967
ONEWEB-0207             
1 48242U 21031AJ  23059.31294087 -.00000497  00000+0 -13755-2 0  9994
2 48242  87.9135 169.3684 0002068 104.5797 255.5562 13.14503178 90003
ONEWEB-0207             
1 48242U 21031AJ  23059.84576759 -.00000520  00000+0 -14383-2 0  9996
2 48242  87.9132 169.2630 0002048 103.5282 256.6075 13.14501474 90071
ONEWEB-0207             
1 48242U 21031AJ  23060.30247331 -.00000272  00000+0 -76736-3 0  9995
2 48242  87.9129 169.1727 0002033 103.5424 256.5932 13.14502803 90130
ONEWEB-0207             
1 48242U 21031AJ  23060.83529989 -.00000081  00000+0 -25348-3 0  9996
2 48242  87.9131 169.0676 0002004 102.9832 257.1521 13.14500587 90205
ONEWEB-0207             
1 48242U 21031AJ  23061.82483413  .00000164  00000+0  40829-3 0  9998
2 48242  87.9129 168.8720 0001988 100.5320 259.6033 13.14499681 90336
ONEWEB-0207             
1 48242U 21031AJ  23062.35765901  .00000263  00000+0  67593-3 0  9999
2 48242  87.9130 168.7668 0001984 100.6107 259.5246 13.14500457 90405
ONEWEB-0207             
1 48242U 21031AJ  23062.73824893  .00000257  00000+0  65936-3 0  9999
2 48242  87.9127 168.6916 0001993 100.2120 259.9234 13.14500131 90452
