ONEWEB-0533             
1 55141U 23004B   23059.23017193  .00001034  00000+0  18526-3 0  9992
2 55141  86.6199 264.2995 0015107  56.7252 303.5406 14.65759645  7432
ONEWEB-0533             
1 55141U 23004B   23059.57151400  .00000877  00000+0  15651-3 0  9999
2 55141  86.6199 264.1588 0015082  55.7080 304.5559 14.65760189  7489
ONEWEB-0533             
1 55141U 23004B   23059.84458736  .00000876  00000+0  15638-3 0  9995
2 55141  86.6199 264.0461 0015064  54.8895 305.3729 14.65760556  7523
ONEWEB-0533             
1 55141U 23004B   23060.45900186  .00000846  00000+0  15078-3 0  9990
2 55141  86.6198 263.7926 0014997  53.1308 307.1278 14.65762048  7616
ONEWEB-0533             
1 55141U 23004B   23060.86860724 -.00002116  00000+0 -39246-3 0  9995
2 55141  86.6199 263.6238 0015067  51.4154 308.8407 14.65775839  7671
ONEWEB-0533             
1 55141U 23004B   23061.82436602  .00000911  00000+0  16279-3 0  9996
2 55141  86.6199 263.2295 0014905  48.8790 311.3708 14.65762860  7815
ONEWEB-0533             
1 55141U 23004B   23062.50705318  .00001100  00000+0  19743-3 0  9995
2 55141  86.6198 262.9479 0014825  46.8568 313.3883 14.65763879  7914
ONEWEB-0533             
1 55141U 23004B   23062.91666230  .00001265  00000+0  22759-3 0  9992
2 55141  86.6198 262.7790 0014799  45.5648 314.6773 14.65765596  7979
