ONEWEB-0392             
1 50472U 21132D   23059.58572776  .00000074  00000+0  15638-3 0  9999
2 50472  87.9077 245.1422 0001833  96.0181 264.1160 13.18127984 59488
ONEWEB-0392             
1 50472U 21132D   23059.58572776  .00000074  00000+0  15638-3 0  9999
2 50472  87.9077 245.1422 0001833  96.0181 264.1160 13.18127984 60772
ONEWEB-0392             
1 50472U 21132D   23059.88936261 -.00000070  00000+0 -21090-3 0  9992
2 50472  87.9079 245.0817 0001893  95.4077 264.7271 13.18127996 59527
ONEWEB-0392             
1 50472U 21132D   23060.80026473  .00000228  00000+0  55033-3 0  9998
2 50472  87.9080 244.9001 0001865  96.0550 264.0795 13.18128689 60935
ONEWEB-0392             
1 50472U 21132D   23060.87617359  .00000183  00000+0  43528-3 0  9990
2 50472  87.9081 244.8850 0001848  96.1226 264.0117 13.18128451 59651
ONEWEB-0392             
1 50472U 21132D   23061.55934860  .00000245  00000+0  59480-3 0  9998
2 50472  87.9081 244.7488 0001850  95.5980 264.5363 13.18130267 59746
ONEWEB-0392             
1 50472U 21132D   23062.01479928  .00000292  00000+0  71486-3 0  9991
2 50472  87.9084 244.6581 0001836  95.5682 264.5659 13.18130434 61090
ONEWEB-0392             
1 50472U 21132D   23062.47025058  .00000255  00000+0  61936-3 0  9990
2 50472  87.9086 244.5673 0001842  95.2032 264.9310 13.18130090 59864
ONEWEB-0392             
1 50472U 21132D   23062.77388351  .00000220  00000+0  52976-3 0  9997
2 50472  87.9087 244.5068 0001840  95.2929 264.8412 13.18131273 59907
