ONEWEB-0515             
1 54133U 22138W   23059.36171725  .00003879  00000+0  65637-3 0  9999
2 54133  86.9079 169.4947 0011068 195.4128 164.6752 14.69082087 18963
ONEWEB-0515             
1 54133U 22138W   23059.83851931  .00002772  00000+0  46799-3 0  9994
2 54133  86.9079 169.3139 0011132 193.6661 166.4255 14.69082312 19891
ONEWEB-0515             
1 54133U 22138W   23060.65588956  .00002685  00000+0  45305-3 0  9995
2 54133  86.9081 169.0039 0011246 190.7414 169.3564 14.69088650 19155
ONEWEB-0515             
1 54133U 22138W   23060.99645950  .00002922  00000+0  49345-3 0  9992
2 54133  86.9079 168.8747 0011304 189.4367 170.6638 14.69091788 20067
ONEWEB-0515             
1 54133U 22138W   23061.81382748  .00002539  00000+0  42825-3 0  9997
2 54133  86.9081 168.5648 0011403 186.6981 173.4085 14.69094953 19329
ONEWEB-0515             
1 54133U 22138W   23062.35873599  .00003264  00000+0  55141-3 0  9997
2 54133  86.9082 168.3583 0011466 184.8431 175.2676 14.69101539 19409
ONEWEB-0515             
1 54133U 22138W   23062.35873599  .00003264  00000+0  55141-3 0  9997
2 54133  86.9082 168.3583 0011466 184.8431 175.2676 14.69101539 20265
ONEWEB-0515             
1 54133U 22138W   23062.83553186  .00003054  00000+0  51566-3 0  9991
2 54133  86.9080 168.1772 0011498 183.1472 176.9673 14.69103645 19479
