ONEWEB-0252             
1 48970U 21060D   23059.15196812 -.00000018  00000+0 -81692-4 0  9999
2 48970  87.9011 108.7342 0001690  96.0317 264.1007 13.16590471 82381
ONEWEB-0252             
1 48970U 21060D   23059.53195380 -.00000064  00000+0 -20052-3 0  9993
2 48970  87.9009 108.6584 0001695  96.2347 263.8977 13.16591219 81141
ONEWEB-0252             
1 48970U 21060D   23059.83594235  .00000080  00000+0  17468-3 0  9991
2 48970  87.9008 108.5978 0001697  96.1061 264.0263 13.16590995 81185
ONEWEB-0252             
1 48970U 21060D   23060.21592874  .00000013  00000+0  14670-5 0  9992
2 48970  87.9008 108.5218 0001704  95.7479 264.3846 13.16590762 82520
ONEWEB-0252             
1 48970U 21060D   23060.89990324  .00000047  00000+0  89025-4 0  9990
2 48970  87.9007 108.3855 0001712  96.4216 263.7110 13.16591089 81327
ONEWEB-0252             
1 48970U 21060D   23061.58390392 -.00002588  00000+0 -68086-2 0  9992
2 48970  87.9009 108.2490 0001626  94.5915 265.5402 13.16569024 81410
ONEWEB-0252             
1 48970U 21060D   23062.19186217  .00000309  00000+0  77369-3 0  9991
2 48970  87.9007 108.1276 0001705  89.2382 270.8944 13.16589818 81497
ONEWEB-0252             
1 48970U 21060D   23062.19186217  .00000309  00000+0  77369-3 0  9991
2 48970  87.9007 108.1276 0001705  89.2382 270.8944 13.16589818 82780
ONEWEB-0252             
1 48970U 21060D   23062.87583550  .00000492  00000+0  12529-2 0  9996
2 48970  87.9005 107.9911 0001787  93.8349 266.2986 13.16591437 81587
