ONEWEB-0238             
1 48784U 21045T   23059.26004310 -.00000398  00000+0 -10902-2 0  9993
2 48784  87.9090 139.1231 0002013 111.1244 249.0102 13.15550875 87087
ONEWEB-0238             
1 48784U 21045T   23060.24878918 -.00000602  00000+0 -16337-2 0  9992
2 48784  87.9087 138.9266 0002042 110.7514 249.3835 13.15548828 86085
ONEWEB-0238             
1 48784U 21045T   23061.16147744 -.00000412  00000+0 -11275-2 0  9995
2 48784  87.9085 138.7458 0002019 110.1222 250.0126 13.15547895 87332
ONEWEB-0238             
1 48784U 21045T   23061.61782321 -.00000133  00000+0 -38605-3 0  9998
2 48784  87.9085 138.6550 0002012 109.7024 250.4323 13.15545789 86265
ONEWEB-0238             
1 48784U 21045T   23062.30234048 -.00000036  00000+0 -12869-3 0  9999
2 48784  87.9084 138.5193 0002021 109.5086 250.6263 13.15545970 86359
ONEWEB-0238             
1 48784U 21045T   23062.30234048 -.00000036  00000+0 -12869-3 0  9999
2 48784  87.9084 138.5193 0002021 109.5086 250.6263 13.15545970 87484
ONEWEB-0238             
1 48784U 21045T   23062.60656998  .00000034  00000+0  57513-4 0  9996
2 48784  87.9084 138.4588 0002016 109.2301 250.9048 13.15546632 86391
