ONEWEB-0331             
1 49198U 21083N   23059.15368910  .00000076  00000+0  16084-3 0  9991
2 49198  87.9225 214.8940 0001954  95.9709 264.1646 13.18682818 72477
ONEWEB-0331             
1 49198U 21083N   23059.45719515  .00000117  00000+0  26438-3 0  9995
2 49198  87.9225 214.8339 0001962  95.8867 264.2489 13.18683633 71237
ONEWEB-0331             
1 49198U 21083N   23059.91245539  .00000046  00000+0  83355-4 0  9999
2 49198  87.9228 214.7437 0001958  95.6556 264.4799 13.18683725 71290
ONEWEB-0331             
1 49198U 21083N   23060.44359187  .00000077  00000+0  16138-3 0  9992
2 49198  87.9228 214.6385 0001976  95.5686 264.5671 13.18683739 72649
ONEWEB-0331             
1 49198U 21083N   23060.89885218 -.00000001  00000+0 -36467-4 0  9997
2 49198  87.9230 214.5484 0001975  95.6960 264.4397 13.18683485 71423
ONEWEB-0331             
1 49198U 21083N   23061.80937202 -.00000014  00000+0 -68390-4 0  9994
2 49198  87.9236 214.3683 0001952  95.5157 264.6198 13.18683255 71549
ONEWEB-0331             
1 49198U 21083N   23061.80937202 -.00000014  00000+0 -68390-4 0  9994
2 49198  87.9236 214.3683 0001952  95.5157 264.6198 13.18683255 72821
ONEWEB-0331             
1 49198U 21083N   23062.41638420  .00000088  00000+0  18971-3 0  9990
2 49198  87.9234 214.2479 0001933  95.0253 265.1099 13.18683967 71625
ONEWEB-0331             
1 49198U 21083N   23062.87164452 -.00000046  00000+0 -14992-3 0  9994
2 49198  87.9234 214.1578 0001912  94.7426 265.3925 13.18683728 71680
