ONEWEB-0346             
1 49212U 21083AC  23059.15159660  .00000073  00000+0  15196-3 0  9998
2 49212  87.9229 214.8448 0002122  94.9431 265.1943 13.18686070 72453
ONEWEB-0346             
1 49212U 21083AC  23059.45510302  .00000043  00000+0  76562-4 0  9997
2 49212  87.9225 214.7845 0002143  94.8139 265.3238 13.18685835 71205
ONEWEB-0346             
1 49212U 21083AC  23059.91036207  .00000083  00000+0  17849-3 0  9991
2 49212  87.9228 214.6943 0002138  94.6242 265.5135 13.18685957 71262
ONEWEB-0346             
1 49212U 21083AC  23060.44149707  .00000105  00000+0  23464-3 0  9996
2 49212  87.9228 214.5893 0002143  94.2637 265.8740 13.18686646 72627
ONEWEB-0346             
1 49212U 21083AC  23060.89675740 -.00000070  00000+0 -21012-3 0  9996
2 49212  87.9230 214.4991 0002137  94.1859 265.9517 13.18685423 71394
ONEWEB-0346             
1 49212U 21083AC  23061.80727556 -.00000092  00000+0 -26571-3 0  9990
2 49212  87.9232 214.3188 0002092  93.6797 266.4574 13.18685241 71519
ONEWEB-0346             
1 49212U 21083AC  23062.41428589  .00000101  00000+0  22425-3 0  9995
2 49212  87.9233 214.1986 0002070  93.0759 267.0610 13.18686481 71595
ONEWEB-0346             
1 49212U 21083AC  23062.41428589  .00000101  00000+0  22425-3 0  9995
2 49212  87.9233 214.1986 0002070  93.0759 267.0610 13.18686481 72888
ONEWEB-0346             
1 49212U 21083AC  23062.86954538 -.00000034  00000+0 -11872-3 0  9993
2 49212  87.9234 214.1085 0002054  93.1292 267.0075 13.18686081 71659
