ONEWEB-0132             
1 47278U 20100W   23059.51729314  .00000077  00000+0  17814-3 0  9999
2 47278  87.8939 229.9345 0001686 103.5861 256.5455 13.12444206106560
ONEWEB-0132             
1 47278U 20100W   23059.89847766  .00000025  00000+0  34794-4 0  9992
2 47278  87.8940 229.8588 0001694 103.5129 256.6189 13.12444663106614
ONEWEB-0132             
1 47278U 20100W   23059.97471474 -.00000038  00000+0 -13991-3 0  9991
2 47278  87.8939 229.8436 0001690 103.5609 256.5708 13.12444662106629
ONEWEB-0132             
1 47278U 20100W   23060.88955894 -.00000295  00000+0 -85418-3 0  9994
2 47278  87.8938 229.6619 0001703 103.8710 256.2608 13.12444185106749
ONEWEB-0132             
1 47278U 20100W   23061.72816547 -.00000283  00000+0 -82100-3 0  9991
2 47278  87.8941 229.4953 0001708 103.5028 256.6291 13.12444273106858
ONEWEB-0132             
1 47278U 20100W   23062.41429892 -.00000333  00000+0 -96223-3 0  9998
2 47278  87.8944 229.3590 0001709 103.8189 256.3130 13.12443912106947
ONEWEB-0132             
1 47278U 20100W   23062.87172217 -.00000437  00000+0 -12498-2 0  9990
2 47278  87.8946 229.2683 0001707 104.1048 256.0270 13.12443199107004
