ONEWEB-0516             
1 54134U 22138X   23059.26728983  .00000091  00000+0  19594-3 0  9997
2 54134  87.9303 184.5712 0001592 103.1553 256.9758 13.19727637 18773
ONEWEB-0516             
1 54134U 22138X   23059.34310653  .00000102  00000+0  22291-3 0  9998
2 54134  87.9303 184.5561 0001603 103.0384 257.0928 13.19727589 17911
ONEWEB-0516             
1 54134U 22138X   23059.87382408 -.00000052  00000+0 -16142-3 0  9997
2 54134  87.9302 184.4511 0001594 102.2449 257.8862 13.19727180 17985
ONEWEB-0516             
1 54134U 22138X   23060.40454038 -.00000053  00000+0 -16500-3 0  9996
2 54134  87.9304 184.3464 0001600 103.1864 256.9447 13.19727637 18923
ONEWEB-0516             
1 54134U 22138X   23060.85944067  .00000041  00000+0  70110-4 0  9994
2 54134  87.9306 184.2564 0001606 103.8218 256.3093 13.19727211 18111
ONEWEB-0516             
1 54134U 22138X   23061.39015731  .00000046  00000+0  82897-4 0  9991
2 54134  87.9306 184.1515 0001618 103.8213 256.3099 13.19727601 18180
ONEWEB-0516             
1 54134U 22138X   23062.37577461  .00000044  00000+0  77939-4 0  9992
2 54134  87.9305 183.9564 0001652 105.2611 254.8704 13.19727679 18312
ONEWEB-0516             
1 54134U 22138X   23062.37577461  .00000044  00000+0  77939-4 0  9992
2 54134  87.9305 183.9564 0001652 105.2611 254.8704 13.19727679 19188
ONEWEB-0516             
1 54134U 22138X   23062.83067533  .00000037  00000+0  59602-4 0  9996
2 54134  87.9305 183.8665 0001650 105.2133 254.9182 13.19727269 18372
