ONEWEB-0445             
1 51639U 22012T   23059.57878350  .00000555  00000+0  15538-2 0  9991
2 51639  87.8743 275.6320 0002142  92.9989 267.1384 13.10375004 51587
ONEWEB-0445             
1 51639U 22012T   23059.57878350  .00000555  00000+0  15538-2 0  9991
2 51639  87.8743 275.6320 0002142  92.9989 267.1384 13.10375004 52869
ONEWEB-0445             
1 51639U 22012T   23059.88421150  .00000619  00000+0  17359-2 0  9991
2 51639  87.8744 275.5710 0002140  92.6955 267.4417 13.10376373 51623
ONEWEB-0445             
1 51639U 22012T   23060.87685606  .00000388  00000+0  10764-2 0  9996
2 51639  87.8744 275.3726 0002162  92.1138 268.0237 13.10376719 51755
ONEWEB-0445             
1 51639U 22012T   23061.10592748  .00000320  00000+0  88037-3 0  9992
2 51639  87.8746 275.3268 0002149  91.8530 268.2843 13.10377014 53065
ONEWEB-0445             
1 51639U 22012T   23061.64042796  .00000196  00000+0  52439-3 0  9992
2 51639  87.8746 275.2201 0002147  91.4956 268.6417 13.10376939 51858
ONEWEB-0445             
1 51639U 22012T   23062.55671387  .00000022  00000+0  26074-4 0  9992
2 51639  87.8746 275.0370 0002176  91.7573 268.3804 13.10376789 51976
ONEWEB-0445             
1 51639U 22012T   23062.55671387  .00000022  00000+0  26074-4 0  9992
2 51639  87.8746 275.0370 0002176  91.7573 268.3804 13.10376789 53259
ONEWEB-0445             
1 51639U 22012T   23062.86214186  .00000013  00000+0  15780-5 0  9999
2 51639  87.8746 274.9760 0002175  91.5468 268.5909 13.10377348 52013
