ONEWEB-0022             
1 45135U 20008E   23059.54604297 -.00000618  00000+0 -18080-2 0  9999
2 45135  87.8761 275.6266 0001607 100.2611 259.8697 13.10374221150585
ONEWEB-0022             
1 45135U 20008E   23059.85147302 -.00000591  00000+0 -17308-2 0  9994
2 45135  87.8761 275.5657 0001636 100.5450 259.5862 13.10373493150620
ONEWEB-0022             
1 45135U 20008E   23060.84412028 -.00000520  00000+0 -15271-2 0  9994
2 45135  87.8758 275.3673 0001666 100.9870 259.1444 13.10373085150758
ONEWEB-0022             
1 45135U 20008E   23060.84412028 -.00000520  00000+0 -15271-2 0  9994
2 45135  87.8758 275.3673 0001666 100.9870 259.1444 13.10373085151502
ONEWEB-0022             
1 45135U 20008E   23061.60769575 -.00000342  00000+0 -10170-2 0  9996
2 45135  87.8758 275.2150 0001663 101.2227 258.9087 13.10372853150857
ONEWEB-0022             
1 45135U 20008E   23062.14219945 -.00000334  00000+0 -99262-3 0  9998
2 45135  87.8755 275.1083 0001673 101.4938 258.6377 13.10372513150920
ONEWEB-0022             
1 45135U 20008E   23062.14219945 -.00000334  00000+0 -99262-3 0  9998
2 45135  87.8755 275.1083 0001673 101.4938 258.6377 13.10372513151673
ONEWEB-0022             
1 45135U 20008E   23062.60034547 -.00000225  00000+0 -67945-3 0  9994
2 45135  87.8754 275.0168 0001671 101.2538 258.8778 13.10371992150987
