ONEWEB-0186             
1 48229U 21031V   23059.32458479 -.00000121  00000+0 -36152-3 0  9998
2 48229  87.9135 169.3498 0001850 115.2787 244.8535 13.14502614 90091
ONEWEB-0186             
1 48229U 21031V   23059.32458479 -.00000121  00000+0 -36152-3 0  9998
2 48229  87.9135 169.3498 0001850 115.2787 244.8535 13.14502614 90103
ONEWEB-0186             
1 48229U 21031V   23059.85741075 -.00000280  00000+0 -79004-3 0  9992
2 48229  87.9131 169.2442 0001856 114.7679 245.3644 13.14502038 90160
ONEWEB-0186             
1 48229U 21031V   23060.84694261 -.00000099  00000+0 -30183-3 0  9990
2 48229  87.9131 169.0488 0001866 113.9383 246.1942 13.14502290 90296
ONEWEB-0186             
1 48229U 21031V   23060.99917763  .00000019  00000+0  15828-4 0  9991
2 48229  87.9131 169.0188 0001864 113.6841 246.4485 13.14502912 90327
ONEWEB-0186             
1 48229U 21031V   23061.30364890  .00000079  00000+0  17869-3 0  9996
2 48229  87.9131 168.9586 0001877 113.6457 246.4870 13.14503098 90351
ONEWEB-0186             
1 48229U 21031V   23062.29318114  .00000172  00000+0  42843-3 0  9997
2 48229  87.9128 168.7630 0001876 112.5072 247.6257 13.14503358 90480
ONEWEB-0186             
1 48229U 21031V   23062.29318114  .00000172  00000+0  42843-3 0  9997
2 48229  87.9128 168.7630 0001876 112.5072 247.6257 13.14503358 90491
