ONEWEB-0136             
1 47282U 20100AA  23059.49186962 -.00000296  00000+0 -85898-3 0  9999
2 47282  87.8935 230.0011 0001448 123.4444 236.6823 13.12442743106649
ONEWEB-0136             
1 47282U 20100AA  23059.87305694 -.00000323  00000+0 -93225-3 0  9990
2 47282  87.8937 229.9254 0001463 123.6059 236.5209 13.12441630106694
ONEWEB-0136             
1 47282U 20100AA  23060.02553154 -.00000360  00000+0 -10356-2 0  9999
2 47282  87.8937 229.8951 0001472 123.4803 236.6466 13.12441831106714
ONEWEB-0136             
1 47282U 20100AA  23060.86414224 -.00000205  00000+0 -60410-3 0  9990
2 47282  87.8940 229.7287 0001476 123.8005 236.3264 13.12441086106828
ONEWEB-0136             
1 47282U 20100AA  23061.77898972  .00000041  00000+0  77503-4 0  9995
2 47282  87.8943 229.5470 0001498 123.7733 236.3539 13.12441542106949
ONEWEB-0136             
1 47282U 20100AA  23062.46512522  .00000149  00000+0  37946-3 0  9991
2 47282  87.8946 229.4109 0001497 124.2719 235.8552 13.12442449107036
ONEWEB-0136             
1 47282U 20100AA  23062.84634427 -.00003345  00000+0 -93420-2 0  9993
2 47282  87.8948 229.3352 0001221 131.5933 228.5300 13.12413531107086
