ONEWEB-0508             
1 54126U 22138P   23059.38734065  .00000074  00000+0  15319-3 0  9991
2 54126  87.9282 184.5634 0000948  89.3950 270.7291 13.19726674 17925
ONEWEB-0508             
1 54126U 22138P   23059.53897437  .00000132  00000+0  29692-3 0  9995
2 54126  87.9284 184.5333 0000938  90.6610 269.4630 13.19726185 18818
ONEWEB-0508             
1 54126U 22138P   23059.84224247  .00000026  00000+0  33388-4 0  9992
2 54126  87.9283 184.4736 0000950  90.0485 270.0757 13.19725410 17986
ONEWEB-0508             
1 54126U 22138P   23060.90367721  .00000003  00000+0 -25134-4 0  9992
2 54126  87.9285 184.2633 0000966  94.2866 265.8377 13.19725425 18121
ONEWEB-0508             
1 54126U 22138P   23061.05530971  .00000126  00000+0  28207-3 0  9996
2 54126  87.9285 184.2333 0000966  94.5087 265.6156 13.19726389 19018
ONEWEB-0508             
1 54126U 22138P   23061.81347764  .00000039  00000+0  65286-4 0  9998
2 54126  87.9283 184.0830 0000963  96.1393 263.9850 13.19725832 18249
ONEWEB-0508             
1 54126U 22138P   23062.34419301  .00000120  00000+0  26712-3 0  9995
2 54126  87.9282 183.9778 0000949  97.4648 262.6593 13.19727710 18313
ONEWEB-0508             
1 54126U 22138P   23062.34419301  .00000120  00000+0  26712-3 0  9995
2 54126  87.9282 183.9778 0000949  97.4648 262.6593 13.19727710 19189
ONEWEB-0508             
1 54126U 22138P   23062.87491229  .00002834  00000+0  70464-2 0  9998
2 54126  87.9282 183.8726 0001029 109.4023 250.7221 13.19711801 18383
