ONEWEB-0501             
1 54119U 22138G   23059.28622170 -.00000274  00000+0 -71681-3 0  9993
2 54119  87.9292 184.5662 0000988  87.4519 272.6727 13.19725933 18757
ONEWEB-0501             
1 54119U 22138G   23059.36203832 -.00000264  00000+0 -69096-3 0  9998
2 54119  87.9292 184.5512 0000999  87.6415 272.4832 13.19726106 17892
ONEWEB-0501             
1 54119U 22138G   23059.89275725 -.00000389  00000+0 -10051-2 0  9990
2 54119  87.9292 184.4462 0000994  88.6449 271.4798 13.19724707 17961
ONEWEB-0501             
1 54119U 22138G   23060.34765677 -.00000244  00000+0 -64178-3 0  9992
2 54119  87.9292 184.3563 0000999  89.4182 270.7065 13.19725743 18893
ONEWEB-0501             
1 54119U 22138G   23060.87837574 -.00000058  00000+0 -17650-3 0  9992
2 54119  87.9293 184.2513 0000967  90.2557 269.8687 13.19723087 18099
ONEWEB-0501             
1 54119U 22138G   23061.78817871 -.00000060  00000+0 -18279-3 0  9992
2 54119  87.9293 184.0715 0000931  92.2382 267.8857 13.19722740 18216
ONEWEB-0501             
1 54119U 22138G   23062.39471284  .00000032  00000+0  47565-4 0  9992
2 54119  87.9295 183.9515 0000928  94.0106 266.1132 13.19724041 18296
ONEWEB-0501             
1 54119U 22138G   23062.39471284  .00000032  00000+0  47565-4 0  9992
2 54119  87.9295 183.9515 0000928  94.0106 266.1132 13.19724041 19163
ONEWEB-0501             
1 54119U 22138G   23062.84961579 -.00000096  00000+0 -27164-3 0  9997
2 54119  87.9298 183.8616 0000903  94.9717 265.1519 13.19722863 18355
