ONEWEB-0177             
1 48074U 21025AJ  23059.11990795 -.00000421  00000+0 -11869-2 0  9998
2 48074  87.9073 199.7040 0002080 120.0339 240.0997 13.13470046 95483
ONEWEB-0177             
1 48074U 21025AJ  23059.42461846 -.00000221  00000+0 -64035-3 0  9994
2 48074  87.9076 199.6443 0002082 119.3067 240.8270 13.13468646 95523
ONEWEB-0177             
1 48074U 21025AJ  23059.88168422 -.00000200  00000+0 -58332-3 0  9998
2 48074  87.9077 199.5538 0002105 118.7413 241.3928 13.13468378 95586
ONEWEB-0177             
1 48074U 21025AJ  23060.41492727 -.00000223  00000+0 -64567-3 0  9999
2 48074  87.9079 199.4485 0002125 118.2325 241.9019 13.13468772 95650
ONEWEB-0177             
1 48074U 21025AJ  23060.87199352 -.00000303  00000+0 -86460-3 0  9992
2 48074  87.9078 199.3576 0002144 118.2581 241.8765 13.13468474 95717
ONEWEB-0177             
1 48074U 21025AJ  23061.78612649 -.00000312  00000+0 -88799-3 0  9999
2 48074  87.9079 199.1769 0002134 117.8088 242.3258 13.13467694 95835
ONEWEB-0177             
1 48074U 21025AJ  23062.39554763 -.00000198  00000+0 -57725-3 0  9996
2 48074  87.9077 199.0563 0002140 116.9654 243.1694 13.13468560 95915
ONEWEB-0177             
1 48074U 21025AJ  23062.85261482 -.00000218  00000+0 -63097-3 0  9992
2 48074  87.9077 198.9659 0002122 116.6845 243.4502 13.13468052 95971
