ONEWEB-0055             
1 45443U 20020V   23059.52991117  .00000284  00000+0  77036-3 0  9997
2 45443  87.8808 260.3884 0001348  90.4939 269.6343 13.11095043144720
ONEWEB-0055             
1 45443U 20020V   23059.91148771  .00000213  00000+0  56664-3 0  9996
2 45443  87.8808 260.3123 0001337  90.9154 269.2127 13.11095370144772
ONEWEB-0055             
1 45443U 20020V   23060.06411842  .00000213  00000+0  56786-3 0  9991
2 45443  87.8808 260.2819 0001337  91.0430 269.0850 13.11095277144803
ONEWEB-0055             
1 45443U 20020V   23060.82704849  .00021740  00000+0  61289-1 0  9997
2 45443  87.8807 260.1295 0001321  91.7346 268.3933 13.11274536144895
ONEWEB-0055             
1 45443U 20020V   23060.82704849  .00021740  00000+0  61289-1 0  9997
2 45443  87.8807 260.1295 0001321  91.7346 268.3933 13.11274536144907
ONEWEB-0055             
1 45443U 20020V   23061.81898699  .00019962  00000+0  56255-1 0  9994
2 45443  87.8815 259.9328 0001417  94.2546 265.8743 13.11308225145023
ONEWEB-0055             
1 45443U 20020V   23062.27679310  .00019300  00000+0  54385-1 0  9990
2 45443  87.8807 259.8405 0001372  91.5667 268.5618 13.11319716145098
ONEWEB-0055             
1 45443U 20020V   23062.50567751 -.00000341  00000+0 -99900-3 0  9992
2 45443  87.8806 259.7949 0001342  94.0579 266.0703 13.11421921145119
ONEWEB-0055             
1 45443U 20020V   23062.50567751 -.00000341  00000+0 -99900-3 0  9992
2 45443  87.8806 259.7949 0001342  94.0579 266.0703 13.11421921145120
