ONEWEB-0458             
1 51648U 22012AC  23059.03804342  .00000490  00000+0  13683-2 0  9999
2 51648  87.8763 275.7221 0001211  71.9188 288.2071 13.10376687 52771
ONEWEB-0458             
1 51648U 22012AC  23059.57254329  .00000357  00000+0  98539-3 0  9998
2 51648  87.8763 275.6155 0001224  73.6281 286.4980 13.10377463 51549
ONEWEB-0458             
1 51648U 22012AC  23059.87797178  .00000333  00000+0  91717-3 0  9990
2 51648  87.8763 275.5545 0001216  73.7862 286.3399 13.10377479 51582
ONEWEB-0458             
1 51648U 22012AC  23060.03130428 -.00082117  00000+0 -23949+0 0  9999
2 51648  87.8763 275.5241 0004085  27.0279 333.1060 13.09756437 52902
ONEWEB-0458             
1 51648U 22012AC  23060.58334491  .00010943  00000+0  31272-1 0  9991
2 51648  87.8774 275.4141 0001208  76.4907   9.2454 13.10379956 52976
ONEWEB-0458             
1 51648U 22012AC  23060.66667824 -.00033190  00000+0 -95419-1 0  9993
2 51648  87.8774 275.3972 0001187  76.2082  42.4138 13.10400430  1306
ONEWEB-0458             
1 51648U 22012AC  23061.09968523  .00000036  00000+0  66369-4 0  9997
2 51648  87.8763 275.3106 0001127  72.8921 287.2330 13.10377834 53043
ONEWEB-0458             
1 51648U 22012AC  23061.63418514 -.00000112  00000+0 -35641-3 0  9992
2 51648  87.8762 275.2038 0001163  73.9031 286.2225 13.10377966 51810
ONEWEB-0458             
1 51648U 22012AC  23062.09232878 -.00000290  00000+0 -86824-3 0  9996
2 51648  87.8761 275.1122 0001220  78.8480 281.2785 13.10376826 51874
ONEWEB-0458             
1 51648U 22012AC  23062.85590319 -.00000676  00000+0 -19720-2 0  9995
2 51648  87.8761 274.9599 0001142  78.5590 281.5665 13.10374590 51978
ONEWEB-0458             
1 51648U 22012AC  23062.85590319 -.00000676  00000+0 -19720-2 0  9995
2 51648  87.8761 274.9599 0001142  78.5590 281.5665 13.10374590 53273
