ONEWEB-0622             
1 55163U 23004Z   23059.33334491 -.00894399  00000+0 -30239+0 0  9997
2 55163  86.9244 265.4435 0012535  73.7541 204.6474 14.39862403  7371
ONEWEB-0622             
1 55163U 23004Z   23059.58334491 -.00905641  00000+0 -30922+0 0  9996
2 55163  86.9285 265.3533 0012606  72.3842  60.8450 14.39408495  1302
ONEWEB-0622             
1 55163U 23004Z   23060.00001157 -.00871489  00000+0 -30192+0 0  9996
2 55163  86.9352 265.2026 0012597  71.0013  59.3329 14.38569131  7474
ONEWEB-0622             
1 55163U 23004Z   23060.25001157 -.00742587  00000+0 -25896+0 0  9994
2 55163  86.9375 265.1139 0012452  70.9017 273.0814 14.38248402  7519
ONEWEB-0622             
1 55163U 23004Z   23060.58334491 -.00921660  00000+0 -32568+0 0  9995
2 55163  86.9422 264.9947 0012471  71.0367 197.4294 14.37745326  7558
ONEWEB-0622             
1 55163U 23004Z   23060.91667824 -.00870056  00000+0 -31058+0 0  9996
2 55163  86.9475 264.8747 0012582  69.4687 122.8072 14.37064509  1302
ONEWEB-0622             
1 55163U 23004Z   23061.83334491 -.00908523  00000+0 -33662+0 0  9993
2 55163  86.9623 264.5494 0012335  67.7497 180.9833 14.35315581  1306
ONEWEB-0622             
1 55163U 23004Z   23062.58334491 -.00931989  00000+0 -35572+0 0  9990
2 55163  86.9742 264.2860 0012337  65.7398  93.9237 14.33887979  1306
ONEWEB-0622             
1 55163U 23004Z   23062.58334491 -.00931989  00000+0 -35572+0 0  9990
2 55163  86.9742 264.2860 0012337  65.7398  93.9237 14.33887979  7841
ONEWEB-0622             
1 55163U 23004Z   23062.91667824 -.00878897  00000+0 -33883+0 0  9997
2 55163  86.9795 264.1681 0012242  64.0259  14.8195 14.33204034  1307
