ONEWEB-0626             
1 55167U 23004AD  23059.58334491 -.01104311  00000+0 -20647+0 0  9999
2 55167  86.6164 264.0154 0016648  64.4352 106.5579 14.68108356  1307
ONEWEB-0626             
1 55167U 23004AD  23059.75001157 -.01133319  00000+0 -21415+0 0  9992
2 55167  86.6178 263.9454 0016330  63.6728 267.4888 14.67730204  7521
ONEWEB-0626             
1 55167U 23004AD  23059.91667824 -.00899840  00000+0 -17108+0 0  9990
2 55167  86.6185 263.8765 0016647  62.3935  68.7226 14.67238773  1302
ONEWEB-0626             
1 55167U 23004AD  23060.25001157 -.00043187  00000+0 -78445-2 0  9999
2 55167  86.6196 263.7395 0016616  62.0742  28.1863 14.66498663  7590
ONEWEB-0626             
1 55167U 23004AD  23060.91667824  .00049414  00000+0  88541-2 0  9996
2 55167  86.6196 263.4633 0016471  59.9510 307.5481 14.66447488  1301
ONEWEB-0626             
1 55167U 23004AD  23060.91667824  .00049414  00000+0  88541-2 0  9996
2 55167  86.6196 263.4633 0016471  59.9510 307.5481 14.66447488  7699
ONEWEB-0626             
1 55167U 23004AD  23061.83334491  .00010215  00000+0  18369-2 0  9997
2 55167  86.6193 263.0848 0016420  57.2240 106.4796 14.66464899  1307
ONEWEB-0626             
1 55167U 23004AD  23062.58334491 -.00759035  00000+0 -14599+0 0  9990
2 55167  86.6219 262.7764 0016411  55.8564 104.7389 14.66250331  1305
ONEWEB-0626             
1 55167U 23004AD  23062.58334491 -.00759035  00000+0 -14599+0 0  9990
2 55167  86.6219 262.7764 0016411  55.8564 104.7389 14.66250331  7930
