ONEWEB-0278             
1 48996U 21060AF  23059.56150561  .00000047  00000+0  88540-4 0  9992
2 48996  87.9009 108.6554 0001695 101.6189 258.5132 13.16595937 81180
ONEWEB-0278             
1 48996U 21060AF  23059.86549423 -.00000120  00000+0 -34776-3 0  9999
2 48996  87.9007 108.5947 0001702 101.4566 258.6756 13.16594998 81223
ONEWEB-0278             
1 48996U 21060AF  23060.16948089 -.00000005  00000+0 -47128-4 0  9993
2 48996  87.9007 108.5341 0001696 101.5866 258.5455 13.16595707 82570
ONEWEB-0278             
1 48996U 21060AF  23060.85345266 -.00000011  00000+0 -62259-4 0  9996
2 48996  87.9003 108.3973 0001694 102.1263 258.0058 13.16595758 81356
ONEWEB-0278             
1 48996U 21060AF  23061.61342142 -.00000011  00000+0 -62458-4 0  9992
2 48996  87.9004 108.2458 0001705 101.8927 258.2395 13.16596041 81453
ONEWEB-0278             
1 48996U 21060AF  23062.29739377 -.00000045  00000+0 -15264-3 0  9996
2 48996  87.9004 108.1092 0001712 101.6092 258.5231 13.16595968 82859
ONEWEB-0278             
1 48996U 21060AF  23062.52538404  .00000014  00000+0  36495-5 0  9995
2 48996  87.9004 108.0639 0001725 101.9427 258.1898 13.16596365 81579
ONEWEB-0278             
1 48996U 21060AF  23062.82937176  .00000048  00000+0  93166-4 0  9991
2 48996  87.9004 108.0033 0001728 101.9080 258.2245 13.16596028 81613
