ONEWEB-0511             
1 54129U 22138S   23059.28411587 -.00000103  00000+0 -28992-3 0  9990
2 54129  87.9399 184.5905 0001906  88.5881 271.5470 13.19724995 18784
ONEWEB-0511             
1 54129U 22138S   23059.35993283 -.00000061  00000+0 -18553-3 0  9991
2 54129  87.9399 184.5756 0001911  88.5765 271.5586 13.19724688 17927
ONEWEB-0511             
1 54129U 22138S   23059.89065177 -.00000207  00000+0 -54879-3 0  9995
2 54129  87.9399 184.4709 0001885  87.6633 272.4716 13.19724019 17998
ONEWEB-0511             
1 54129U 22138S   23060.34555193 -.00000088  00000+0 -25203-3 0  9995
2 54129  87.9400 184.3816 0001878  87.4999 272.6348 13.19724664 18927
ONEWEB-0511             
1 54129U 22138S   23060.87627083  .00000028  00000+0  38706-4 0  9996
2 54129  87.9400 184.2770 0001836  86.2380 273.8962 13.19722880 18125
ONEWEB-0511             
1 54129U 22138S   23061.78607405 -.00000020  00000+0 -83092-4 0  9995
2 54129  87.9402 184.0980 0001815  85.2052 274.9288 13.19722847 18249
ONEWEB-0511             
1 54129U 22138S   23062.39260863  .00000012  00000+0 -11981-5 0  9995
2 54129  87.9404 183.9790 0001813  87.0701 273.0639 13.19723807 18323
ONEWEB-0511             
1 54129U 22138S   23062.39260863  .00000012  00000+0 -11981-5 0  9995
2 54129  87.9404 183.9790 0001813  87.0701 273.0639 13.19723807 19199
ONEWEB-0511             
1 54129U 22138S   23062.84751119 -.00000051  00000+0 -16031-3 0  9997
2 54129  87.9405 183.8894 0001801  87.8442 272.2897 13.19722932 18386
