ONEWEB-0372             
1 49298U 21090V   23059.25171445  .00000004  00000+0 -21276-4 0  9998
2 49298  87.9330 154.2647 0001493  93.3783 266.7522 13.20769884 72088
ONEWEB-0372             
1 49298U 21090V   23059.32747133 -.00000013  00000+0 -63810-4 0  9990
2 49298  87.9330 154.2497 0001494  93.3740 266.7565 13.20769955 70797
ONEWEB-0372             
1 49298U 21090V   23059.78201357 -.00000117  00000+0 -31926-3 0  9990
2 49298  87.9331 154.1598 0001503  94.0653 266.0652 13.20769581 70853
ONEWEB-0372             
1 49298U 21090V   23060.31231126 -.00000035  00000+0 -11885-3 0  9999
2 49298  87.9331 154.0549 0001489  94.1212 266.0091 13.20770052 70923
ONEWEB-0372             
1 49298U 21090V   23060.31231126 -.00000035  00000+0 -11885-3 0  9999
2 49298  87.9331 154.0549 0001489  94.1212 266.0091 13.20770052 72228
ONEWEB-0372             
1 49298U 21090V   23061.29715151  .00000097  00000+0  20570-3 0  9999
2 49298  87.9333 153.8602 0001467  94.5307 265.5994 13.20769613 71059
ONEWEB-0372             
1 49298U 21090V   23062.28199151  .00000044  00000+0  75230-4 0  9991
2 49298  87.9332 153.6655 0001448  94.6383 265.4915 13.20769936 71182
ONEWEB-0372             
1 49298U 21090V   23062.28199151  .00000044  00000+0  75230-4 0  9991
2 49298  87.9332 153.6655 0001448  94.6383 265.4915 13.20769936 72486
