ONEWEB-0312             
1 49098U 21075Z   23059.23050597  .00000034  00000+0  53129-4 0  9995
2 49098  87.9075 245.2277 0001760 101.2990 258.8339 13.17724793 75906
ONEWEB-0312             
1 49098U 21075Z   23059.53423362  .00000047  00000+0  86491-4 0  9994
2 49098  87.9073 245.1671 0001776 101.2702 258.8629 13.17724458 74964
ONEWEB-0312             
1 49098U 21075Z   23059.91389263  .00000035  00000+0  56076-4 0  9990
2 49098  87.9074 245.0915 0001783 101.3602 258.7730 13.17724730 75015
ONEWEB-0312             
1 49098U 21075Z   23060.44541504  .00000044  00000+0  80387-4 0  9990
2 49098  87.9073 244.9857 0001786 101.1022 259.0310 13.17725283 76062
ONEWEB-0312             
1 49098U 21075Z   23060.90100632  .00000061  00000+0  12322-3 0  9996
2 49098  87.9077 244.8950 0001782 101.2730 258.8602 13.17724755 75144
ONEWEB-0312             
1 49098U 21075Z   23061.73625622  .00000058  00000+0  11653-3 0  9991
2 49098  87.9078 244.7286 0001788 101.0911 259.0421 13.17724931 75251
ONEWEB-0312             
1 49098U 21075Z   23062.49557407  .00000129  00000+0  29810-3 0  9993
2 49098  87.9080 244.5774 0001765 101.2223 258.9107 13.17724930 75356
ONEWEB-0312             
1 49098U 21075Z   23062.49557407  .00000129  00000+0  29810-3 0  9993
2 49098  87.9080 244.5774 0001765 101.2223 258.9107 13.17724930 76335
ONEWEB-0312             
1 49098U 21075Z   23062.87523380 -.00000032  00000+0 -11522-3 0  9994
2 49098  87.9082 244.5018 0001759 101.2782 258.8547 13.17724592 75409
