ONEWEB-0269             
1 48987U 21060W   23059.53828861 -.00000070  00000+0 -21571-3 0  9992
2 48987  87.8996 108.6674 0001930  93.5880 266.5471 13.16592403 81119
ONEWEB-0269             
1 48987U 21060W   23059.84227730 -.00000027  00000+0 -10483-3 0  9996
2 48987  87.8996 108.6067 0001944  91.8631 268.2723 13.16592133 81158
ONEWEB-0269             
1 48987U 21060W   23060.83023918  .00000077  00000+0  16737-3 0  9990
2 48987  87.8995 108.4093 0001926  92.0998 268.0354 13.16592484 81284
ONEWEB-0269             
1 48987U 21060W   23060.83023918  .00000077  00000+0  16737-3 0  9990
2 48987  87.8995 108.4093 0001926  92.0998 268.0354 13.16592484 82588
ONEWEB-0269             
1 48987U 21060W   23061.59021053  .00000051  00000+0  98620-4 0  9996
2 48987  87.8993 108.2573 0001909  91.2136 268.9213 13.16592325 81387
ONEWEB-0269             
1 48987U 21060W   23062.19818707  .00000096  00000+0  21822-3 0  9991
2 48987  87.8992 108.1360 0001909  91.3868 268.7482 13.16592518 81461
ONEWEB-0269             
1 48987U 21060W   23062.19818707  .00000096  00000+0  21822-3 0  9991
2 48987  87.8992 108.1360 0001909  91.3868 268.7482 13.16592518 82765
ONEWEB-0269             
1 48987U 21060W   23062.50217566  .00000074  00000+0  15991-3 0  9998
2 48987  87.8992 108.0755 0001927  92.9693 267.1658 13.16592259 81506
