ONEWEB-0456             
1 51646U 22012AA  23059.57411399  .00000393  00000+0  10902-2 0  9995
2 51646  87.8747 275.6323 0001349  95.2318 264.8964 13.10375464 51580
ONEWEB-0456             
1 51646U 22012AA  23059.57411399  .00000393  00000+0  10902-2 0  9995
2 51646  87.8747 275.6323 0001349  95.2318 264.8964 13.10375464 52873
ONEWEB-0456             
1 51646U 22012AA  23059.65047120  .00000429  00000+0  11932-2 0  9995
2 51646  87.8748 275.6170 0001355  95.2443 264.8839 13.10375354 51597
ONEWEB-0456             
1 51646U 22012AA  23060.56675734  .00000267  00000+0  72861-3 0  9994
2 51646  87.8746 275.4338 0001376  95.5686 264.5598 13.10376584 51713
ONEWEB-0456             
1 51646U 22012AA  23061.10125850  .00000028  00000+0  44475-4 0  9990
2 51646  87.8749 275.3272 0001369  96.5538 263.5745 13.10376051 53074
ONEWEB-0456             
1 51646U 22012AA  23061.63575823  .00000039  00000+0  74185-4 0  9990
2 51646  87.8749 275.2203 0001361  97.3516 262.7766 13.10376421 51853
ONEWEB-0456             
1 51646U 22012AA  23062.09390145 -.00000099  00000+0 -31845-3 0  9996
2 51646  87.8747 275.1288 0001375  98.4049 261.7234 13.10376294 51915
ONEWEB-0456             
1 51646U 22012AA  23062.85747363 -.00000187  00000+0 -57070-3 0  9994
2 51646  87.8749 274.9765 0001393  98.8961 261.2324 13.10375676 52011
