ONEWEB-0112             
1 48051U 21025K   23059.43523698  .00000097  00000+0  23208-3 0  9990
2 48051  87.9074 199.6418 0001584 101.7688 258.3619 13.13471307 95448
ONEWEB-0112             
1 48051U 21025K   23059.43523698  .00000097  00000+0  23208-3 0  9990
2 48051  87.9074 199.6418 0001584 101.7688 258.3619 13.13471307 95459
ONEWEB-0112             
1 48051U 21025K   23059.89230135  .00000003  00000+0 -26104-4 0  9998
2 48051  87.9074 199.5514 0001584 102.1201 258.0106 13.13471637 95501
ONEWEB-0112             
1 48051U 21025K   23060.88260789 -.00000170  00000+0 -50043-3 0  9991
2 48051  87.9074 199.3556 0001609 102.7114 257.4195 13.13471515 95632
ONEWEB-0112             
1 48051U 21025K   23061.11113974 -.00000106  00000+0 -32516-3 0  9995
2 48051  87.9075 199.3105 0001607 102.6204 257.5105 13.13471678 95676
ONEWEB-0112             
1 48051U 21025K   23061.79673782 -.00000318  00000+0 -90667-3 0  9993
2 48051  87.9076 199.1749 0001605 102.9902 257.1407 13.13470735 95758
ONEWEB-0112             
1 48051U 21025K   23062.32997862 -.00000192  00000+0 -56126-3 0  9993
2 48051  87.9077 199.0696 0001600 102.8051 257.3256 13.13472055 95838
ONEWEB-0112             
1 48051U 21025K   23062.40615640 -.00000195  00000+0 -56877-3 0  9999
2 48051  87.9078 199.0545 0001604 102.8638 257.2671 13.13471623 95837
ONEWEB-0112             
1 48051U 21025K   23062.86322235 -.00000380  00000+0 -10757-2 0  9996
2 48051  87.9079 198.9640 0001586 103.1921 256.9385 13.13471008 95891
