ONEWEB-0023             
1 45136U 20008F   23059.53358832 -.00000278  00000+0 -83155-3 0  9998
2 45136  87.8705 275.6410 0002105  79.8443 280.2922 13.10371852150310
ONEWEB-0023             
1 45136U 20008F   23059.53358832 -.00000278  00000+0 -83155-3 0  9998
2 45136  87.8705 275.6410 0002105  79.8443 280.2922 13.10371852151063
ONEWEB-0023             
1 45136U 20008F   23059.83901930 -.00000169  00000+0 -52106-3 0  9995
2 45136  87.8704 275.5800 0002100  79.6469 280.4894 13.10371272150352
ONEWEB-0023             
1 45136U 20008F   23060.83166970  .00000005  00000+0 -22998-4 0  9999
2 45136  87.8705 275.3814 0002092  79.0845 281.0518 13.10371069150486
ONEWEB-0023             
1 45136U 20008F   23060.83166970  .00000005  00000+0 -22998-4 0  9999
2 45136  87.8705 275.3814 0002092  79.0845 281.0518 13.10371069151230
ONEWEB-0023             
1 45136U 20008F   23061.82431976  .00000241  00000+0  65358-3 0  9997
2 45136  87.8705 275.1827 0002074  78.5250 281.6110 13.10371413150614
ONEWEB-0023             
1 45136U 20008F   23062.12975008  .00000360  00000+0  99361-3 0  9993
2 45136  87.8704 275.1215 0002074  78.3001 281.8359 13.10372016150657
ONEWEB-0023             
1 45136U 20008F   23062.12975008  .00000360  00000+0  99361-3 0  9993
2 45136  87.8704 275.1215 0002074  78.3001 281.8359 13.10372016151401
ONEWEB-0023             
1 45136U 20008F   23062.81696905  .00000467  00000+0  13023-2 0  9993
2 45136  87.8705 274.9839 0002064  77.8935 282.2424 13.10372276150742
