ONEWEB-0270             
1 48988U 21060X   23059.09917627 -.00000095  00000+0 -28157-3 0  9997
2 48988  87.9009 108.7662 0001818 105.4065 254.7266 13.16589698 82403
ONEWEB-0270             
1 48988U 21060X   23059.55515915 -.00000054  00000+0 -17402-3 0  9998
2 48988  87.9008 108.6752 0001825 105.5909 254.5423 13.16590028 81150
ONEWEB-0270             
1 48988U 21060X   23059.63115639 -.00000035  00000+0 -12503-3 0  9992
2 48988  87.9008 108.6601 0001821 105.4659 254.6673 13.16589909 81165
ONEWEB-0270             
1 48988U 21060X   23060.16309785  .00003693  00000+0  96189-2 0  9991
2 48988  87.9007 108.5538 0002007 112.3067 247.8277 13.16620961 82540
ONEWEB-0270             
1 48988U 21060X   23060.77110524 -.00000653  00000+0 -17433-2 0  9999
2 48988  87.9006 108.4330 0001538 112.6981 247.4313 13.16588913 82620
ONEWEB-0270             
1 48988U 21060X   23060.84710223 -.00000629  00000+0 -16787-2 0  9993
2 48988  87.9006 108.4178 0001554 111.9724 248.1572 13.16589195 81329
ONEWEB-0270             
1 48988U 21060X   23061.60707205 -.00000568  00000+0 -15209-2 0  9994
2 48988  87.9006 108.2660 0001932 148.0533 212.0716 13.16587182 81427
ONEWEB-0270             
1 48988U 21060X   23062.13905076 -.00003244  00000+0 -85206-2 0  9997
2 48988  87.9007 108.1596 0001592 117.9508 242.1785 13.16600679 81498
ONEWEB-0270             
1 48988U 21060X   23062.13905076 -.00003244  00000+0 -85206-2 0  9997
2 48988  87.9007 108.1596 0001592 117.9508 242.1785 13.16600679 82804
ONEWEB-0270             
1 48988U 21060X   23062.82302996  .00000050  00000+0  96351-4 0  9990
2 48988  87.9005 108.0232 0001345 120.2196 239.9068 13.16582758 81583
ONEWEB-0270             
1 48988U 21060X   23062.82302996  .00000050  00000+0  96351-4 0  9990
2 48988  87.9005 108.0232 0001345 120.2196 239.9068 13.16582758 82898
