ONEWEB-0092             
1 45437U 20020P   23059.05774908 -.00000232  00000+0 -69050-3 0  9997
2 45437  87.8806 260.4809 0001829  85.9790 274.1547 13.11420660144833
ONEWEB-0092             
1 45437U 20020P   23059.51552811 -.00000340  00000+0 -99423-3 0  9992
2 45437  87.8805 260.3896 0001837  85.8902 274.2435 13.11420291144893
ONEWEB-0092             
1 45437U 20020P   23059.82071376 -.00000351  00000+0 -10260-2 0  9991
2 45437  87.8804 260.3286 0001818  85.3365 274.7971 13.11420375144930
ONEWEB-0092             
1 45437U 20020P   23060.50738236 -.00000438  00000+0 -12708-2 0  9998
2 45437  87.8803 260.1917 0001827  85.6891 274.4445 13.11419956145022
ONEWEB-0092             
1 45437U 20020P   23060.81256837 -.00000490  00000+0 -14188-2 0  9996
2 45437  87.8807 260.1308 0001827  85.5805 274.5531 13.11420121145061
ONEWEB-0092             
1 45437U 20020P   23061.80442463 -.00000495  00000+0 -14318-2 0  9998
2 45437  87.8806 259.9324 0001815  85.5581 274.5754 13.11418819145194
ONEWEB-0092             
1 45437U 20020P   23062.10961102 -.00000486  00000+0 -14072-2 0  9995
2 45437  87.8805 259.8716 0001814  85.5887 274.5448 13.11418922145235
ONEWEB-0092             
1 45437U 20020P   23062.79628161 -.00000448  00000+0 -13006-2 0  9999
2 45437  87.8806 259.7345 0001806  85.5860 274.5474 13.11418148145324
