ONEWEB-0358             
1 49284U 21090F   23059.26855418  .00000033  00000+0  50253-4 0  9991
2 49284  87.9328 154.2387 0002279 104.2875 255.8512 13.20772324 71505
ONEWEB-0358             
1 49284U 21090F   23059.26855418  .00000033  00000+0  50253-4 0  9991
2 49284  87.9328 154.2387 0002279 104.2875 255.8512 13.20772324 72797
ONEWEB-0358             
1 49284U 21090F   23059.79885137 -.00000059  00000+0 -17595-3 0  9991
2 49284  87.9327 154.1337 0002289 103.7713 256.3675 13.20772471 71570
ONEWEB-0358             
1 49284U 21090F   23060.32914806 -.00000041  00000+0 -13255-3 0  9998
2 49284  87.9326 154.0289 0002298 103.4359 256.7031 13.20772681 71648
ONEWEB-0358             
1 49284U 21090F   23060.32914806 -.00000041  00000+0 -13255-3 0  9998
2 49284  87.9326 154.0289 0002298 103.4359 256.7031 13.20772681 72931
ONEWEB-0358             
1 49284U 21090F   23061.61701271  .00000013  00000+0 -48603-6 0  9997
2 49284  87.9327 153.7741 0002289 101.9613 258.1777 13.20772457 71817
ONEWEB-0358             
1 49284U 21090F   23062.29882333 -.00000017  00000+0 -72919-4 0  9991
2 49284  87.9327 153.6393 0002294 101.6907 258.4484 13.20772844 71906
ONEWEB-0358             
1 49284U 21090F   23062.29882333 -.00000017  00000+0 -72919-4 0  9991
2 49284  87.9327 153.6393 0002294 101.6907 258.4484 13.20772844 73199
