ONEWEB-0122             
1 47268U 20100L   23059.51306235  .00000302  00000+0  80279-3 0  9997
2 47268  87.8937 229.9637 0001968 109.3715 250.7626 13.12439853106531
ONEWEB-0122             
1 47268U 20100L   23059.89424796  .00000233  00000+0  61123-3 0  9991
2 47268  87.8939 229.8882 0001729 106.6353 253.4966 13.12440277106581
ONEWEB-0122             
1 47268U 20100L   23060.73285618 -.00000369  00000+0 -10607-2 0  9996
2 47268  87.8940 229.7216 0001541 104.7075 255.4225 13.12441765106690
ONEWEB-0122             
1 47268U 20100L   23060.88533049 -.00000323  00000+0 -93341-3 0  9993
2 47268  87.8940 229.6913 0001558 104.9099 255.2202 13.12441522106716
ONEWEB-0122             
1 47268U 20100L   23061.72393885 -.00000349  00000+0 -10050-2 0  9992
2 47268  87.8943 229.5247 0001555 105.1872 254.9429 13.12441772106823
ONEWEB-0122             
1 47268U 20100L   23062.02888814 -.00000399  00000+0 -11444-2 0  9990
2 47268  87.8941 229.4641 0001546 105.4040 254.7259 13.12441202106869
ONEWEB-0122             
1 47268U 20100L   23062.48631110 -.00000310  00000+0 -89711-3 0  9991
2 47268  87.8945 229.3734 0001544 105.6223 254.5075 13.12441470106926
ONEWEB-0122             
1 47268U 20100L   23062.86749815 -.00000396  00000+0 -11354-2 0  9996
2 47268  87.8946 229.2976 0001527 105.8246 254.3051 13.12440849106978
