ONEWEB-0377             
1 49303U 21090AA  23059.26223950  .00000002  00000+0 -27339-4 0  9999
2 49303  87.9329 154.2642 0001918 114.1326 246.0008 13.20773710 71469
ONEWEB-0377             
1 49303U 21090AA  23059.94404949  .00000111  00000+0  24144-3 0  9993
2 49303  87.9329 154.1293 0001908 113.5038 246.6296 13.20773641 72832
ONEWEB-0377             
1 49303U 21090AA  23060.32283287  .00000082  00000+0  16975-3 0  9997
2 49303  87.9329 154.0544 0001941 113.8046 246.3291 13.20773730 71604
ONEWEB-0377             
1 49303U 21090AA  23061.00464388 -.00000047  00000+0 -14801-3 0  9995
2 49303  87.9329 153.9195 0001955 113.9016 246.2322 13.20773213 72978
ONEWEB-0377             
1 49303U 21090AA  23061.68645410  .00000090  00000+0  18875-3 0  9997
2 49303  87.9330 153.7850 0001910 112.0366 248.0970 13.20773346 71789
ONEWEB-0377             
1 49303U 21090AA  23062.29250787 -.00000035  00000+0 -11857-3 0  9998
2 49303  87.9330 153.6650 0001938 112.2215 247.9124 13.20773735 71861
ONEWEB-0377             
1 49303U 21090AA  23062.29250787 -.00000035  00000+0 -11857-3 0  9998
2 49303  87.9330 153.6650 0001938 112.2215 247.9124 13.20773735 73144
