ONEWEB-0093             
1 45444U 20020W   23059.04653358 -.00000471  00000+0 -13643-2 0  9990
2 45444  87.8799 260.4872 0001218  93.3646 266.7621 13.11409087144736
ONEWEB-0093             
1 45444U 20020W   23059.58061453 -.00000493  00000+0 -14272-2 0  9991
2 45444  87.8800 260.3806 0001247  93.9655 266.1615 13.11408442144790
ONEWEB-0093             
1 45444U 20020W   23059.80950656 -.00000510  00000+0 -14750-2 0  9999
2 45444  87.8800 260.3349 0001247  94.0272 266.0999 13.11408103144821
ONEWEB-0093             
1 45444U 20020W   23060.11469569 -.00000473  00000+0 -13719-2 0  9995
2 45444  87.8799 260.2740 0001255  94.3683 265.7589 13.11407925144877
ONEWEB-0093             
1 45444U 20020W   23060.80136890 -.00000129  00000+0 -40077-3 0  9995
2 45444  87.8800 260.1368 0001275  95.2079 264.9194 13.11409963144952
ONEWEB-0093             
1 45444U 20020W   23061.10655398  .00000395  00000+0  10778-2 0  9995
2 45444  87.8799 260.0759 0001318  94.9489 265.1790 13.11412881145006
ONEWEB-0093             
1 45444U 20020W   23061.79322636  .00000481  00000+0  13215-2 0  9991
2 45444  87.8798 259.9385 0001330  95.6804 264.4476 13.11414014145081
ONEWEB-0093             
1 45444U 20020W   23062.25100936  .00000525  00000+0  14462-2 0  9994
2 45444  87.8798 259.8475 0001312  94.5786 265.5491 13.11413191145159
ONEWEB-0093             
1 45444U 20020W   23062.47989895  .00000573  00000+0  15811-2 0  9999
2 45444  87.8797 259.8016 0001302  94.7067 265.4209 13.11415009145170
ONEWEB-0093             
1 45444U 20020W   23062.78508684  .00000097  00000+0  23784-3 0  9996
2 45444  87.8796 259.7407 0001270  95.0109 265.1164 13.11416733145214
