ONEWEB-0152             
1 48043U 21025B   23059.43944209  .00000247  00000+0  64173-3 0  9999
2 48043  87.9076 199.6414 0001466 107.2871 252.8419 13.13473217 95406
ONEWEB-0152             
1 48043U 21025B   23059.43944209  .00000247  00000+0  64173-3 0  9999
2 48043  87.9076 199.6414 0001466 107.2871 252.8419 13.13473217 95417
ONEWEB-0152             
1 48043U 21025B   23059.89650618  .00000097  00000+0  23052-3 0  9991
2 48043  87.9077 199.5510 0001449 107.7683 252.3604 13.13473397 95466
ONEWEB-0152             
1 48043U 21025B   23060.65827858  .00000055  00000+0  11705-3 0  9995
2 48043  87.9079 199.4005 0001485 107.7098 252.4193 13.13473986 95576
ONEWEB-0152             
1 48043U 21025B   23060.88681130 -.00000079  00000+0 -25012-3 0  9995
2 48043  87.9079 199.3553 0001486 108.2189 251.9102 13.13473203 95599
ONEWEB-0152             
1 48043U 21025B   23061.80093901 -.00000222  00000+0 -64411-3 0  9997
2 48043  87.9081 199.1746 0001475 108.8421 251.2868 13.13473165 95710
ONEWEB-0152             
1 48043U 21025B   23061.80093901 -.00000222  00000+0 -64411-3 0  9997
2 48043  87.9081 199.1746 0001475 108.8421 251.2868 13.13473165 95721
ONEWEB-0152             
1 48043U 21025B   23062.41035892 -.00000395  00000+0 -11160-2 0  9993
2 48043  87.9081 199.0542 0001502 108.6462 251.4830 13.13471941 95796
ONEWEB-0152             
1 48043U 21025B   23062.86742600 -.00000720  00000+0 -20077-2 0  9993
2 48043  87.9081 198.9638 0001480 109.2690 250.8599 13.13469992 95850
