ONEWEB-0608             
1 54672U 22166AG  23059.58334491 -.00642788  00000+0 -40449+0 0  9993
2 54672  87.1689 126.2834 0011923 337.3273  94.0486 14.07254050  1308
ONEWEB-0608             
1 54672U 22166AG  23059.66667824 -.00675470  00000+0 -42698+0 0  9993
2 54672  87.1702 126.2571 0011884 337.2628 156.0079 14.07154177 12657
ONEWEB-0608             
1 54672U 22166AG  23059.91667824 -.00708603  00000+0 -44811+0 0  9995
2 54672  87.1741 126.1795 0011701 336.0187 342.7469 14.06798554  1301
ONEWEB-0608             
1 54672U 22166AG  23060.58334491 -.00642177  00000+0 -41482+0 0  9995
2 54672  87.1847 125.9699 0011816 334.1822 117.6406 14.05804752 12781
ONEWEB-0608             
1 54672U 22166AG  23061.00001157 -.00635019  00000+0 -41448+0 0  9992
2 54672  87.1896 125.8410 0011716 332.3448  66.4648 14.05196516  1305
ONEWEB-0608             
1 54672U 22166AG  23061.83334491 -.00612881  00000+0 -40205+0 0  9995
2 54672  87.1959 125.5819 0011579 329.7654 320.7357 14.04816676  1309
ONEWEB-0608             
1 54672U 22166AG  23062.50001157 -.00656072  00000+0 -43914+0 0  9990
2 54672  87.2058 125.3745 0011679 327.4937  91.4360 14.03892277 13057
ONEWEB-0608             
1 54672U 22166AG  23062.58334491 -.00642387  00000+0 -43046+0 0  9998
2 54672  87.2070 125.3487 0011600 327.6505 152.1733 14.03768099  1309
ONEWEB-0608             
1 54672U 22166AG  23062.91667824 -.00698904  00000+0 -47036+0 0  9993
2 54672  87.2124 125.2467 0011476 326.1164  36.9218 14.03307569  1300
