ONEWEB-0255             
1 48973U 21060G   23059.11187764  .00000056  00000+0  11243-3 0  9998
2 48973  87.8999 108.7888 0001843 101.4712 258.6626 13.16593907 82385
ONEWEB-0255             
1 48973U 21060G   23059.56785882  .00000196  00000+0  47789-3 0  9991
2 48973  87.9000 108.6978 0001660  97.0154 263.1165 13.16594210 81156
ONEWEB-0255             
1 48973U 21060G   23059.87186241  .00012856  00000+0  33580-1 0  9997
2 48973  87.8997 108.6371 0002145 113.5634 246.5722 13.16530364 82484
ONEWEB-0255             
1 48973U 21060G   23060.17583483  .00000004  00000+0 -23642-4 0  9995
2 48973  87.8996 108.5763 0001871 101.6005 258.5336 13.16594185 82522
ONEWEB-0255             
1 48973U 21060G   23060.85980706  .00000036  00000+0  60576-4 0  9990
2 48973  87.8993 108.4395 0001901 102.2633 257.8711 13.16594426 81321
ONEWEB-0255             
1 48973U 21060G   23061.61977700 -.00000038  00000+0 -13408-3 0  9990
2 48973  87.8992 108.2876 0001905 102.4253 257.7091 13.16594155 81426
ONEWEB-0255             
1 48973U 21060G   23062.30374982 -.00000049  00000+0 -16154-3 0  9993
2 48973  87.8992 108.1513 0001890 101.5947 258.5396 13.16594019 81512
ONEWEB-0255             
1 48973U 21060G   23062.30374982 -.00000049  00000+0 -16154-3 0  9993
2 48973  87.8992 108.1513 0001890 101.5947 258.5396 13.16594019 82805
ONEWEB-0255             
1 48973U 21060G   23062.83572828 -.00000029  00000+0 -10862-3 0  9998
2 48973  87.8992 108.0454 0001899 101.3047 258.8298 13.16594573 81589
