ONEWEB-0409             
1 50488U 21132V   23059.52673704  .00000082  00000+0  19680-3 0  9993
2 50488  87.8815 260.3893 0002178  92.7106 267.4271 13.11419112 57698
ONEWEB-0409             
1 50488U 21132V   23059.60303320  .00000060  00000+0  13324-3 0  9991
2 50488  87.8815 260.3741 0002168  92.7518 267.3858 13.11419582 58980
ONEWEB-0409             
1 50488U 21132V   23059.83192255  .00000044  00000+0  89597-4 0  9997
2 50488  87.8815 260.3284 0002179  92.6024 267.5353 13.11419663 57739
ONEWEB-0409             
1 50488U 21132V   23060.82377664 -.00000127  00000+0 -39385-3 0  9990
2 50488  87.8814 260.1304 0002189  91.8715 268.2663 13.11419767 57869
ONEWEB-0409             
1 50488U 21132V   23060.82377664 -.00000127  00000+0 -39385-3 0  9990
2 50488  87.8814 260.1304 0002189  91.8715 268.2663 13.11419767 59142
ONEWEB-0409             
1 50488U 21132V   23061.81563314 -.00000495  00000+0 -14327-2 0  9995
2 50488  87.8815 259.9325 0002194  91.2773 268.8606 13.11417874 57997
ONEWEB-0409             
1 50488U 21132V   23062.27341258 -.00000544  00000+0 -15703-2 0  9991
2 50488  87.8813 259.8409 0002192  90.7871 269.3508 13.11417896 58057
ONEWEB-0409             
1 50488U 21132V   23062.27341258 -.00000544  00000+0 -15703-2 0  9991
2 50488  87.8813 259.8409 0002192  90.7871 269.3508 13.11417896 59339
ONEWEB-0409             
1 50488U 21132V   23062.80748987 -.00000645  00000+0 -18557-2 0  9992
2 50488  87.8814 259.7344 0002187  90.5171 269.6208 13.11416918 58122
