ONEWEB-0623             
1 55164U 23004AA  23059.58334491 -.01108052  00000+0 -21122+0 0  9991
2 55164  86.6189 264.0366 0016981  58.0495  33.5997 14.67260489  1301
ONEWEB-0623             
1 55164U 23004AA  23059.75001157 -.01020962  00000+0 -19541+0 0  9995
2 55164  86.6200 263.9671 0016638  57.8339 193.4778 14.66834425  7513
ONEWEB-0623             
1 55164U 23004AA  23060.00001157 -.00118805  00000+0 -22017-1 0  9992
2 55164  86.6209 263.8638 0016894  57.2712  73.0930 14.66084842  7554
ONEWEB-0623             
1 55164U 23004AA  23060.58334491 -.00010344  00000+0 -18943-2 0  9998
2 55164  86.6209 263.6242 0016820  55.8814 271.0800 14.65993431  7647
ONEWEB-0623             
1 55164U 23004AA  23060.91667824  .00052155  00000+0  94449-2 0  9993
2 55164  86.6208 263.4857 0016819  54.5282 230.4807 14.65953063  1309
ONEWEB-0623             
1 55164U 23004AA  23061.83334491 -.00342070  00000+0 -65721-1 0  9996
2 55164  86.6217 263.1080 0016773  51.7508  27.8371 14.65939808  1308
ONEWEB-0623             
1 55164U 23004AA  23062.58334491 -.00015635  00000+0 -28847-2 0  9992
2 55164  86.6219 262.7994 0016622  49.9493  24.5117 14.65661818  1309
ONEWEB-0623             
1 55164U 23004AA  23062.58334491 -.00015635  00000+0 -28847-2 0  9992
2 55164  86.6219 262.7994 0016622  49.9493  24.5117 14.65661818  7934
ONEWEB-0623             
1 55164U 23004AA  23062.97897222 -.00017579  00000+0 -32363-2 0  9998
2 55164  86.6211 262.6355 0016633  48.1310 312.1319 14.65765095  7995
