ONEWEB-0528             
1 54643U 22166B   23059.58334491 -.00993875  00000+0 -68841+0 0  9993
2 54643  87.1762 125.7665 0006991 339.2474   0.3975 14.02284398  1303
ONEWEB-0528             
1 54643U 22166B   23059.91667824 -.01049269  00000+0 -73837+0 0  9990
2 54643  87.1829 125.6638 0006830 340.2857 240.6441 14.01580142  1307
ONEWEB-0528             
1 54643U 22166B   23060.25001157 -.01072757  00000+0 -76550+0 0  9993
2 54643  87.1891 125.5604 0007004 338.4415 122.8898 14.00872827 12763
ONEWEB-0528             
1 54643U 22166B   23061.00001157 -.01007519  00000+0 -73797+0 0  9991
2 54643  87.2035 125.3295 0006651 335.5253 303.5580 13.99184742  1306
ONEWEB-0528             
1 54643U 22166B   23061.25001157 -.01075642  00000+0 -79803+0 0  9994
2 54643  87.2083 125.2525 0006900 335.1522 122.1739 13.98683778 12907
ONEWEB-0528             
1 54643U 22166B   23061.83334491 -.01088077  00000+0 -82622+0 0  9997
2 54643  87.2193 125.0743 0006732 334.4109 176.9499 13.97407480 12986
ONEWEB-0528             
1 54643U 22166B   23061.83334491 -.01088077  00000+0 -82622+0 0  9997
2 54643  87.2193 125.0743 0006732 334.4109 176.9499 13.97407480  1300
ONEWEB-0528             
1 54643U 22166B   23062.41667824 -.01052807  00000+0 -81618+0 0  9997
2 54643  87.2304 124.8966 0006624 331.1203 231.6047 13.96110661 13073
ONEWEB-0528             
1 54643U 22166B   23062.58334491 -.01000438  00000+0 -77849+0 0  9990
2 54643  87.2335 124.8462 0006695 329.0208 350.7456 13.95723793  1302
ONEWEB-0528             
1 54643U 22166B   23062.91667824 -.00999976  00000+0 -78811+0 0  9999
2 54643  87.2396 124.7467 0006642 329.9898 223.2007 13.94994299  1305
