ONEWEB-0400             
1 50480U 21132M   23059.46984739 -.00000007  00000+0 -49908-4 0  9997
2 50480  87.9222 214.8229 0001646 109.5142 250.6168 13.18688345 62830
ONEWEB-0400             
1 50480U 21132M   23059.46984739 -.00000007  00000+0 -49908-4 0  9997
2 50480  87.9222 214.8229 0001646 109.5142 250.6168 13.18688345 64113
ONEWEB-0400             
1 50480U 21132M   23059.92510540  .00000075  00000+0  15679-3 0  9993
2 50480  87.9223 214.7327 0001659 109.6731 250.4580 13.18688648 62896
ONEWEB-0400             
1 50480U 21132M   23060.68387090 -.00000104  00000+0 -29575-3 0  9995
2 50480  87.9223 214.5823 0001694 109.3795 250.7520 13.18687312 64279
ONEWEB-0400             
1 50480U 21132M   23060.91150136 -.00000207  00000+0 -55871-3 0  9992
2 50480  87.9223 214.5372 0001677 109.4752 250.6561 13.18686305 63020
ONEWEB-0400             
1 50480U 21132M   23061.82201938 -.00000230  00000+0 -61728-3 0  9994
2 50480  87.9228 214.3569 0001657 109.5925 250.5386 13.18686120 63144
ONEWEB-0400             
1 50480U 21132M   23062.35315394 -.00000058  00000+0 -17935-3 0  9994
2 50480  87.9226 214.2519 0001619 109.2647 250.8660 13.18686494 64493
ONEWEB-0400             
1 50480U 21132M   23062.42903068 -.00000055  00000+0 -17107-3 0  9991
2 50480  87.9227 214.2368 0001628 109.1688 250.9620 13.18686186 63225
ONEWEB-0400             
1 50480U 21132M   23062.88429011 -.00000004  00000+0 -41767-4 0  9996
2 50480  87.9227 214.1467 0001639 109.3492 250.7818 13.18685628 63284
