ONEWEB-0124             
1 47270U 20100N   23059.49612815 -.00000330  00000+0 -95150-3 0  9998
2 47270  87.8937 229.9732 0001168  92.5394 267.5868 13.12440763106556
ONEWEB-0124             
1 47270U 20100N   23059.87731492 -.00000382  00000+0 -10965-2 0  9990
2 47270  87.8937 229.8975 0001158  93.0682 267.0579 13.12440610106600
ONEWEB-0124             
1 47270U 20100N   23060.71592579 -.00000265  00000+0 -77220-3 0  9994
2 47270  87.8938 229.7309 0001166  94.1988 265.9274 13.12440264106717
ONEWEB-0124             
1 47270U 20100N   23060.86840139 -.00000357  00000+0 -10269-2 0  9999
2 47270  87.8939 229.7006 0001150  94.5052 265.6208 13.12439606106735
ONEWEB-0124             
1 47270U 20100N   23061.70700977  .00000061  00000+0  13424-3 0  9995
2 47270  87.8940 229.5341 0001130  95.1031 265.0227 13.12441838106846
ONEWEB-0124             
1 47270U 20100N   23062.16443300  .00000212  00000+0  55268-3 0  9990
2 47270  87.8941 229.4433 0001122  95.3985 264.7271 13.12442625106906
ONEWEB-0124             
1 47270U 20100N   23062.46938245  .00000272  00000+0  72006-3 0  9995
2 47270  87.8942 229.3827 0001123  96.0194 264.1062 13.12442313106944
ONEWEB-0124             
1 47270U 20100N   23062.85056952  .00000225  00000+0  58983-3 0  9990
2 47270  87.8943 229.3071 0001106  96.2003 263.9252 13.12442177106999
