ONEWEB-0139             
1 47285U 20100AD  23059.55329411  .00000088  00000+0  20859-3 0  9990
2 47285  87.8938 230.0041 0001330 105.3541 254.7734 13.12442846106719
ONEWEB-0139             
1 47285U 20100AD  23059.85824351  .00000172  00000+0  44206-3 0  9992
2 47285  87.8939 229.9436 0001333 105.3950 254.7326 13.12442561106757
ONEWEB-0139             
1 47285U 20100AD  23060.01071827  .00000167  00000+0  42984-3 0  9999
2 47285  87.8938 229.9133 0001330 105.4730 254.6546 13.12442484106773
ONEWEB-0139             
1 47285U 20100AD  23060.84932864  .00000236  00000+0  62110-3 0  9997
2 47285  87.8940 229.7467 0001322 106.3407 253.7867 13.12442516106880
ONEWEB-0139             
1 47285U 20100AD  23061.76417474  .00000410  00000+0  11053-2 0  9997
2 47285  87.8943 229.5650 0001348 106.8868 253.2408 13.12443362107000
ONEWEB-0139             
1 47285U 20100AD  23062.45030914  .00000475  00000+0  12848-2 0  9998
2 47285  87.8947 229.4288 0001343 107.1996 252.9279 13.12443534107093
ONEWEB-0139             
1 47285U 20100AD  23062.83149450  .00000448  00000+0  12089-2 0  9993
2 47285  87.8949 229.3531 0001354 107.5295 252.5981 13.12444083107145
ONEWEB-0139             
1 47285U 20100AD  23062.98396867  .00000537  00000+0  14565-2 0  9995
2 47285  87.8950 229.3228 0001345 107.4596 252.6679 13.12443800107166
