ONEWEB-0624             
1 55165U 23004AB  23059.33334491 -.01133142  00000+0 -21195+0 0  9993
2 55165  86.6188 264.1357 0016872  64.1301 213.4274 14.68169310  7456
ONEWEB-0624             
1 55165U 23004AB  23059.58334491 -.01148649  00000+0 -21792+0 0  9991
2 55165  86.6213 264.0321 0017049  63.0932  94.6714 14.67586531  1303
ONEWEB-0624             
1 55165U 23004AB  23059.91667824 -.00983815  00000+0 -18842+0 0  9990
2 55165  86.6238 263.8935 0017202  61.2635  55.9716 14.66690501  1303
ONEWEB-0624             
1 55165U 23004AB  23060.25001157 -.00042834  00000+0 -78887-2 0  9995
2 55165  86.6249 263.7570 0017083  60.9624  14.7383 14.65874609  7592
ONEWEB-0624             
1 55165U 23004AB  23060.91667824  .00049570  00000+0  90043-2 0  9997
2 55165  86.6248 263.4814 0016909  58.8316 292.6417 14.65830950  1308
ONEWEB-0624             
1 55165U 23004AB  23060.91667824  .00049570  00000+0  90043-2 0  9997
2 55165  86.6248 263.4814 0016909  58.8316 292.6417 14.65830950  7696
ONEWEB-0624             
1 55165U 23004AB  23061.83334491  .00010069  00000+0  18357-2 0  9999
2 55165  86.6245 263.1039 0016858  56.0655  89.5799 14.65848220  1305
ONEWEB-0624             
1 55165U 23004AB  23062.58334491 -.00016344  00000+0 -30011-2 0  9997
2 55165  86.6245 262.7960 0016751  53.9239  86.9442 14.65876629  1309
ONEWEB-0624             
1 55165U 23004AB  23062.58334491 -.00016344  00000+0 -30011-2 0  9997
2 55165  86.6245 262.7960 0016751  53.9239  86.9442 14.65876629  7934
ONEWEB-0624             
1 55165U 23004AB  23062.91667824  .00054860  00000+0  99575-2 0  9996
2 55165  86.6243 262.6578 0016770  52.7047  46.0687 14.65833803  1301
