ONEWEB-0504             
1 54122U 22138K   23059.39997123 -.00000012  00000+0 -60993-4 0  9997
2 54122  87.9386 184.5457 0001538  87.3923 272.7385 13.19725799 17926
ONEWEB-0504             
1 54122U 22138K   23059.39997123 -.00000012  00000+0 -60993-4 0  9997
2 54122  87.9386 184.5457 0001538  87.3923 272.7385 13.19725799 18792
ONEWEB-0504             
1 54122U 22138K   23059.85487278 -.00000049  00000+0 -15589-3 0  9993
2 54122  87.9386 184.4561 0001534  87.7328 272.3981 13.19725161 17987
ONEWEB-0504             
1 54122U 22138K   23060.84049087  .00000037  00000+0  59022-4 0  9992
2 54122  87.9387 184.2620 0001528  89.0523 271.0785 13.19725557 18110
ONEWEB-0504             
1 54122U 22138K   23061.06794057  .00000129  00000+0  29003-3 0  9998
2 54122  87.9387 184.2172 0001528  89.4612 270.6695 13.19726209 19015
ONEWEB-0504             
1 54122U 22138K   23061.82610936  .00000038  00000+0  61904-4 0  9991
2 54122  87.9385 184.0678 0001517  90.0103 270.1203 13.19725474 18240
ONEWEB-0504             
1 54122U 22138K   23062.28100932  .00000126  00000+0  28208-3 0  9999
2 54122  87.9377 183.9777 0001506  91.2189 268.9116 13.19726052 19178
ONEWEB-0504             
1 54122U 22138K   23062.35682567  .00000161  00000+0  37055-3 0  9995
2 54122  87.9377 183.9625 0001532  92.1214 268.0094 13.19726486 18310
ONEWEB-0504             
1 54122U 22138K   23062.88754354  .00000066  00000+0  13139-3 0  9998
2 54122  87.9375 183.8572 0001505  92.2438 267.8867 13.19725941 18384
