ONEWEB-0615             
1 54676U 22166AL  23059.58334491 -.00650337  00000+0 -52507+0 0  9994
2 54676  87.1215 126.0718 0009551 333.5078 108.8544 13.93271034  1305
ONEWEB-0615             
1 54676U 22166AL  23059.66667824 -.00680498  00000+0 -55171+0 0  9993
2 54676  87.1232 126.0456 0009496 333.5334 166.5338 13.93170169 12587
ONEWEB-0615             
1 54676U 22166AL  23059.91667824 -.00714296  00000+0 -57935+0 0  9995
2 54676  87.1285 125.9686 0009319 331.9773 341.0177 13.92812804  1308
ONEWEB-0615             
1 54676U 22166AL  23060.58334491 -.00649102  00000+0 -53746+0 0  9990
2 54676  87.1429 125.7603 0009458 330.0018  82.5253 13.91814962 12716
ONEWEB-0615             
1 54676U 22166AL  23061.00001157 -.00656867  00000+0 -55000+0 0  9999
2 54676  87.1518 125.6325 0009267 328.2901  10.2627 13.91206714  1309
ONEWEB-0615             
1 54676U 22166AL  23061.25001157 -.00731776  00000+0 -61442+0 0  9996
2 54676  87.1570 125.5552 0009282 327.9937 181.7173 13.90887929 12809
ONEWEB-0615             
1 54676U 22166AL  23061.83334491 -.00742315  00000+0 -63295+0 0  9999
2 54676  87.1697 125.3761 0009153 326.6172 221.2360 13.90038046  1302
ONEWEB-0615             
1 54676U 22166AL  23062.58334491 -.00650390  00000+0 -56640+0 0  9999
2 54676  87.1855 125.1467 0009235 322.9506  14.1872 13.88902004 12995
