ONEWEB-0388             
1 49314U 21090AM  23059.37468793  .00000014  00000+0  15475-5 0  9990
2 49314  87.9334 184.5114 0001626 102.7397 257.3917 13.19726216 67505
ONEWEB-0388             
1 49314U 21090AM  23059.37468793  .00000014  00000+0  15475-5 0  9990
2 49314  87.9334 184.5114 0001626 102.7397 257.3917 13.19726216 68797
ONEWEB-0388             
1 49314U 21090AM  23059.90540591  .00000022  00000+0  23286-4 0  9993
2 49314  87.9333 184.4066 0001617 103.0863 257.0450 13.19725562 67570
ONEWEB-0388             
1 49314U 21090AM  23060.89102348  .00000003  00000+0 -23892-4 0  9990
2 49314  87.9332 184.2117 0001621 102.6503 257.4812 13.19725769 67705
ONEWEB-0388             
1 49314U 21090AM  23061.04265618  .00000088  00000+0  18728-3 0  9991
2 49314  87.9331 184.1820 0001620 102.5408 257.5906 13.19726424 69016
ONEWEB-0388             
1 49314U 21090AM  23061.80082426 -.00000022  00000+0 -88395-4 0  9997
2 49314  87.9331 184.0320 0001606 101.6343 258.4970 13.19725844 67825
ONEWEB-0388             
1 49314U 21090AM  23062.40735686 -.00000001  00000+0 -35149-4 0  9993
2 49314  87.9330 183.9122 0001605 101.4086 258.7227 13.19727241 67903
ONEWEB-0388             
1 49314U 21090AM  23062.40735686 -.00000001  00000+0 -35149-4 0  9993
2 49314  87.9330 183.9122 0001605 101.4086 258.7227 13.19727241 69196
ONEWEB-0388             
1 49314U 21090AM  23062.86225811 -.00000002  00000+0 -37481-4 0  9999
2 49314  87.9331 183.8223 0001559 100.5332 259.5976 13.19725981 67962
