ONEWEB-0225             
1 48799U 21045AJ  23059.15758959 -.00000020  00000+0 -86732-4 0  9990
2 48799  87.9085 139.1540 0001167 114.7980 245.3272 13.15547712 85985
ONEWEB-0225             
1 48799U 21045AJ  23059.15758959 -.00000020  00000+0 -86732-4 0  9990
2 48799  87.9085 139.1540 0001167 114.7980 245.3272 13.15547712 87123
ONEWEB-0225             
1 48799U 21045AJ  23059.91816368  .00000041  00000+0  74106-4 0  9996
2 48799  87.9083 139.0033 0001181 115.2801 244.8452 13.15548136 86080
ONEWEB-0225             
1 48799U 21045AJ  23060.29845040  .00000120  00000+0  28552-3 0  9999
2 48799  87.9082 138.9278 0001187 115.3801 244.7453 13.15548436 87270
ONEWEB-0225             
1 48799U 21045AJ  23060.90691057  .00000091  00000+0  20825-3 0  9996
2 48799  87.9082 138.8070 0001212 115.3229 244.8027 13.15547712 86219
ONEWEB-0225             
1 48799U 21045AJ  23061.59142820  .00000096  00000+0  22056-3 0  9994
2 48799  87.9079 138.6710 0001208 114.5135 245.6122 13.15546936 86308
ONEWEB-0225             
1 48799U 21045AJ  23062.27594328  .00000156  00000+0  38067-3 0  9990
2 48799  87.9078 138.5353 0001236 116.2716 243.8541 13.15548550 86392
ONEWEB-0225             
1 48799U 21045AJ  23062.27594328  .00000156  00000+0  38067-3 0  9990
2 48799  87.9078 138.5353 0001236 116.2716 243.8541 13.15548550 87539
