ONEWEB-0292             
1 49186U 21083A   23059.11040493 -.00000248  00000+0 -71403-3 0  9996
2 49186  87.9078 199.7217 0001609  98.6688 261.4623 13.13468914 74023
ONEWEB-0292             
1 49186U 21083A   23059.41511518 -.00000135  00000+0 -40527-3 0  9998
2 49186  87.9078 199.6617 0001638  98.7482 261.3832 13.13468857 72778
ONEWEB-0292             
1 49186U 21083A   23059.87218127 -.00000230  00000+0 -66532-3 0  9998
2 49186  87.9078 199.5711 0001612  98.6305 261.5006 13.13468948 72830
ONEWEB-0292             
1 49186U 21083A   23060.40542506 -.00000266  00000+0 -76264-3 0  9992
2 49186  87.9077 199.4656 0001613  98.3215 261.8097 13.13469078 74193
ONEWEB-0292             
1 49186U 21083A   23060.86249153 -.00000219  00000+0 -63323-3 0  9994
2 49186  87.9078 199.3753 0001620  98.3371 261.7942 13.13468697 72969
ONEWEB-0292             
1 49186U 21083A   23061.77662435 -.00000107  00000+0 -32750-3 0  9993
2 49186  87.9079 199.1945 0001617  98.1239 262.0074 13.13468756 73088
ONEWEB-0292             
1 49186U 21083A   23061.77662435 -.00000107  00000+0 -32750-3 0  9993
2 49186  87.9079 199.1945 0001617  98.1239 262.0074 13.13468756 74371
ONEWEB-0292             
1 49186U 21083A   23062.38604630  .00000101  00000+0  24298-3 0  9994
2 49186  87.9079 199.0743 0001620  97.7098 262.4215 13.13468750 73169
ONEWEB-0292             
1 49186U 21083A   23062.84311344  .00000057  00000+0  12120-3 0  9993
2 49186  87.9080 198.9840 0001576  95.8702 264.2607 13.13468593 73225
