ONEWEB-0052             
1 45156U 20008AB  23059.52580343  .00000192  00000+0  51424-3 0  9990
2 45156  87.8759 275.5848 0002512  75.3026 284.8379 13.10368476150173
ONEWEB-0052             
1 45156U 20008AB  23059.60216148  .00000211  00000+0  56895-3 0  9997
2 45156  87.8759 275.5697 0002503  74.7548 285.3856 13.10368288150949
ONEWEB-0052             
1 45156U 20008AB  23060.82388791  .00000424  00000+0  11794-2 0  9991
2 45156  87.8758 275.3256 0002511  74.3205 285.8199 13.10368402150349
ONEWEB-0052             
1 45156U 20008AB  23060.82388791  .00000424  00000+0  11794-2 0  9991
2 45156  87.8758 275.3256 0002511  74.3205 285.8199 13.10368402151104
ONEWEB-0052             
1 45156U 20008AB  23061.81653923  .00000557  00000+0  15586-2 0  9993
2 45156  87.8760 275.1276 0002483  71.9079 288.2318 13.10369533150472
ONEWEB-0052             
1 45156U 20008AB  23062.12197018  .00000626  00000+0  17582-2 0  9991
2 45156  87.8758 275.0666 0002485  71.6975 288.4423 13.10369870150513
ONEWEB-0052             
1 45156U 20008AB  23062.12197018  .00000626  00000+0  17582-2 0  9991
2 45156  87.8758 275.0666 0002485  71.6975 288.4423 13.10369870151277
ONEWEB-0052             
1 45156U 20008AB  23062.88554639  .00000736  00000+0  20722-2 0  9992
2 45156  87.8759 274.9141 0002457  71.1691 288.9703 13.10371356150618
