ONEWEB-0068             
1 45446U 20020Y   23059.57273108 -.00000283  00000+0 -83543-3 0  9999
2 45446  87.8798 260.3785 0001144  90.9276 269.1983 13.11416910144718
ONEWEB-0068             
1 45446U 20020Y   23059.80162170 -.00000359  00000+0 -10474-2 0  9997
2 45446  87.8800 260.3328 0001150  91.0795 269.0465 13.11417057144740
ONEWEB-0068             
1 45446U 20020Y   23060.10680904 -.00000242  00000+0 -71875-3 0  9996
2 45446  87.8798 260.2718 0001149  91.4534 268.6726 13.11416819144796
ONEWEB-0068             
1 45446U 20020Y   23060.79348041 -.00000098  00000+0 -31166-3 0  9992
2 45446  87.8798 260.1346 0001165  92.9209 267.2053 13.11417149144879
ONEWEB-0068             
1 45446U 20020Y   23061.78534063  .00000032  00000+0  54345-4 0  9994
2 45446  87.8799 259.9366 0001150  94.1407 265.9852 13.11416615145001
ONEWEB-0068             
1 45446U 20020Y   23061.78534063  .00000032  00000+0  54345-4 0  9994
2 45446  87.8799 259.9366 0001150  94.1407 265.9852 13.11416615145012
ONEWEB-0068             
1 45446U 20020Y   23062.47201215  .00000259  00000+0  69599-3 0  9998
2 45446  87.8799 259.7995 0001163  95.0882 265.0379 13.11417109145091
ONEWEB-0068             
1 45446U 20020Y   23062.77719993  .00000251  00000+0  67373-3 0  9998
2 45446  87.8799 259.7386 0001163  95.3974 264.7286 13.11417034145135
