ONEWEB-0526             
1 54144U 22138AH  23059.31359852 -.00000317  00000+0 -82290-3 0  9995
2 54144  87.9370 184.5768 0001496 105.6940 254.4358 13.19725363 18750
ONEWEB-0526             
1 54144U 22138AH  23059.38941525 -.00000365  00000+0 -94287-3 0  9998
2 54144  87.9370 184.5619 0001501 105.4504 254.6794 13.19725695 17894
ONEWEB-0526             
1 54144U 22138AH  23059.84431719 -.00000195  00000+0 -51907-3 0  9991
2 54144  87.9370 184.4722 0001512 105.7865 254.3435 13.19724159 17953
ONEWEB-0526             
1 54144U 22138AH  23060.82993701  .00000064  00000+0  12704-3 0  9990
2 54144  87.9371 184.2782 0001521 106.1043 254.0257 13.19723476 18086
ONEWEB-0526             
1 54144U 22138AH  23060.82993701  .00000064  00000+0  12704-3 0  9990
2 54144  87.9371 184.2782 0001521 106.1043 254.0257 13.19723476 18952
ONEWEB-0526             
1 54144U 22138AH  23061.81555718  .00000012  00000+0 -32344-5 0  9990
2 54144  87.9369 184.0833 0001540 106.7739 253.3563 13.19723122 18212
ONEWEB-0526             
1 54144U 22138AH  23062.34627346  .00000201  00000+0  46975-3 0  9998
2 54144  87.9367 183.9786 0001544 107.0300 253.1002 13.19724957 18287
ONEWEB-0526             
1 54144U 22138AH  23062.34627346  .00000201  00000+0  46975-3 0  9998
2 54144  87.9367 183.9786 0001544 107.0300 253.1002 13.19724957 19154
ONEWEB-0526             
1 54144U 22138AH  23062.87699330 -.00000057  00000+0 -17358-3 0  9992
2 54144  87.9364 183.8736 0001516 106.4362 253.6938 13.19723361 18357
