ONEWEB-0247             
1 48777U 21045L   23059.24631150 -.00000420  00000+0 -11507-2 0  9999
2 48777  87.9172 139.0503 0001159 110.1386 249.9869 13.15548549 85988
ONEWEB-0247             
1 48777U 21045L   23059.62659883 -.00000398  00000+0 -10910-2 0  9995
2 48777  87.9171 138.9752 0001173 110.6462 249.4794 13.15547880 87168
ONEWEB-0247             
1 48777U 21045L   23059.77871428 -.00000387  00000+0 -10613-2 0  9990
2 48777  87.9169 138.9450 0001173 110.4785 249.6471 13.15546980 86057
ONEWEB-0247             
1 48777U 21045L   23060.23505777 -.00000027  00000+0 -10696-3 0  9997
2 48777  87.9168 138.8547 0001147 111.4280 248.6973 13.15547114 86117
ONEWEB-0247             
1 48777U 21045L   23061.14774801 -.00000030  00000+0 -11264-3 0  9990
2 48777  87.9168 138.6744 0001154 111.9431 248.1822 13.15546625 87367
ONEWEB-0247             
1 48777U 21045L   23061.60409360 -.00000103  00000+0 -30790-3 0  9992
2 48777  87.9167 138.5841 0001145 111.9951 248.1301 13.15546243 86299
ONEWEB-0247             
1 48777U 21045L   23062.21255222  .00000079  00000+0  17717-3 0  9990
2 48777  87.9167 138.4639 0001150 112.6617 247.4635 13.15547402 86375
ONEWEB-0247             
1 48777U 21045L   23062.21255222  .00000079  00000+0  17717-3 0  9990
2 48777  87.9167 138.4639 0001150 112.6617 247.4635 13.15547402 87501
ONEWEB-0247             
1 48777U 21045L   23062.89706982  .00000114  00000+0  26991-3 0  9992
2 48777  87.9167 138.3289 0001188 114.2492 245.8762 13.15546912 86463
