ONEWEB-0442             
1 51636U 22012Q   23059.01954023  .00000021  00000+0  21497-4 0  9990
2 51636  87.9082 245.2779 0002676  94.7186 265.4251 13.17448987 56254
ONEWEB-0442             
1 51636U 22012Q   23059.55117421  .00000001  00000+0 -31315-4 0  9991
2 51636  87.9081 245.1723 0002694  94.8535 265.2904 13.17448887 55037
ONEWEB-0442             
1 51636U 22012Q   23059.77901703  .00000028  00000+0  38651-4 0  9997
2 51636  87.9081 245.1269 0002697  94.7217 265.4223 13.17449177 55063
ONEWEB-0442             
1 51636U 22012Q   23060.46254646  .00000005  00000+0 -19556-4 0  9991
2 51636  87.9081 244.9907 0002704  94.1209 266.0232 13.17449144 56447
ONEWEB-0442             
1 51636U 22012Q   23060.76633703  .00000028  00000+0  38891-4 0  9996
2 51636  87.9082 244.9302 0002708  93.8796 266.2645 13.17449340 55197
ONEWEB-0442             
1 51636U 22012Q   23061.75365697  .00000005  00000+0 -19835-4 0  9993
2 51636  87.9083 244.7337 0002686  92.8752 267.2687 13.17449543 55327
ONEWEB-0442             
1 51636U 22012Q   23061.75365697  .00000005  00000+0 -19835-4 0  9993
2 51636  87.9083 244.7337 0002686  92.8752 267.2687 13.17449543 56610
ONEWEB-0442             
1 51636U 22012Q   23062.43718577  .00000057  00000+0  11340-3 0  9996
2 51636  87.9085 244.5976 0002675  92.1884 267.9554 13.17449755 55418
ONEWEB-0442             
1 51636U 22012Q   23062.89287222 -.00000022  00000+0 -90469-4 0  9998
2 51636  87.9086 244.5069 0002663  91.7430 268.4006 13.17449601 55475
