ONEWEB-0248             
1 48798U 21045AH  23059.28856031  .00000146  00000+0  35293-3 0  9995
2 48798  87.9089 139.1072 0001480 135.8159 224.3089 13.15551751 85990
ONEWEB-0248             
1 48798U 21045AH  23059.28856031  .00000146  00000+0  35293-3 0  9995
2 48798  87.9089 139.1072 0001480 135.8159 224.3089 13.15551751 87116
ONEWEB-0248             
1 48798U 21045AH  23059.74490343  .00000211  00000+0  52598-3 0  9996
2 48798  87.9088 139.0166 0001498 136.3143 223.8106 13.15551351 86058
ONEWEB-0248             
1 48798U 21045AH  23060.58153294  .00000036  00000+0  61237-4 0  9997
2 48798  87.9084 138.8507 0001560 136.0839 224.0416 13.15551088 86165
ONEWEB-0248             
1 48798U 21045AH  23060.58153294  .00000036  00000+0  61237-4 0  9997
2 48798  87.9084 138.8507 0001560 136.0839 224.0416 13.15551088 87289
ONEWEB-0248             
1 48798U 21045AH  23061.57027866 -.00003999  00000+0 -10659-1 0  9994
2 48798  87.9090 138.6549 0002248 137.7090 222.4214 13.15563921 86298
ONEWEB-0248             
1 48798U 21045AH  23062.25479707 -.00000216  00000+0 -60699-3 0  9995
2 48798  87.9083 138.5190 0001574 135.1729 224.9528 13.15547621 86387
ONEWEB-0248             
1 48798U 21045AH  23062.25479707 -.00000216  00000+0 -60699-3 0  9995
2 48798  87.9083 138.5190 0001574 135.1729 224.9528 13.15547621 87502
ONEWEB-0248             
1 48798U 21045AH  23062.63508378  .00000013  00000+0  11278-5 0  9998
2 48798  87.9084 138.4434 0001620 134.5788 225.5475 13.15547000 86433
