ONEWEB-0256             
1 48974U 21060H   23059.13719463  .00000106  00000+0  24283-3 0  9992
2 48974  87.8984 108.7138 0002066  86.2314 273.9053 13.16591599 82350
ONEWEB-0256             
1 48974U 21060H   23059.51718161 -.00000106  00000+0 -30975-3 0  9995
2 48974  87.8984 108.6379 0002034  86.1710 273.9653 13.16590766 81114
ONEWEB-0256             
1 48974U 21060H   23059.89716593  .00000108  00000+0  24792-3 0  9993
2 48974  87.8983 108.5620 0002044  85.7024 274.4340 13.16591780 81166
ONEWEB-0256             
1 48974U 21060H   23060.20115458  .00000051  00000+0  10005-3 0  9992
2 48974  87.8983 108.5013 0002049  85.6363 274.5002 13.16591833 82494
ONEWEB-0256             
1 48974U 21060H   23060.88512898  .00000083  00000+0  18315-3 0  9992
2 48974  87.8982 108.3647 0002043  86.2017 273.9347 13.16591367 81295
ONEWEB-0256             
1 48974U 21060H   23061.56910323  .00000054  00000+0  10835-3 0  9990
2 48974  87.8979 108.2281 0002023  86.3072 273.8290 13.16591015 81380
ONEWEB-0256             
1 48974U 21060H   23062.17707944  .00000096  00000+0  21848-3 0  9993
2 48974  87.8979 108.1066 0002021  85.9343 274.2019 13.16591654 81466
ONEWEB-0256             
1 48974U 21060H   23062.17707944  .00000096  00000+0  21848-3 0  9993
2 48974  87.8979 108.1066 0002021  85.9343 274.2019 13.16591654 82759
ONEWEB-0256             
1 48974U 21060H   23062.86105325  .00000080  00000+0  17484-3 0  9998
2 48974  87.8977 107.9699 0001994  85.4567 274.6791 13.16591746 81557
