ONEWEB-0205             
1 48226U 21031S   23059.34572969 -.00000088  00000+0 -27048-3 0  9994
2 48226  87.9134 169.3725 0001883 120.2164 239.9153 13.14504345 89981
ONEWEB-0205             
1 48226U 21031S   23059.80243555 -.00000099  00000+0 -30198-3 0  9993
2 48226  87.9133 169.2823 0001903 120.0927 240.0391 13.14504225 90049
ONEWEB-0205             
1 48226U 21031S   23060.03078769 -.00000063  00000+0 -20440-3 0  9993
2 48226  87.9133 169.2372 0001911 120.1389 239.9930 13.14505008 90080
ONEWEB-0205             
1 48226U 21031S   23060.33525870 -.00000159  00000+0 -46224-3 0  9990
2 48226  87.9132 169.1769 0001944 119.9923 240.1399 13.14504641 90113
ONEWEB-0205             
1 48226U 21031S   23061.32478808 -.00000144  00000+0 -42217-3 0  9990
2 48226  87.9132 168.9813 0001985 119.7069 240.4259 13.14504651 90247
ONEWEB-0205             
1 48226U 21031S   23061.32478808 -.00000144  00000+0 -42217-3 0  9990
2 48226  87.9132 168.9813 0001985 119.7069 240.4259 13.14504651 90258
ONEWEB-0205             
1 48226U 21031S   23062.31431831 -.00000141  00000+0 -41535-3 0  9994
2 48226  87.9123 168.7845 0002037 119.7004 240.4329 13.14504654 90373
ONEWEB-0205             
1 48226U 21031S   23062.69490703 -.00000146  00000+0 -42700-3 0  9998
2 48226  87.9123 168.7093 0002042 119.2721 240.8613 13.14504723 90439
ONEWEB-0205             
1 48226U 21031S   23062.84714345 -.00000269  00000+0 -76048-3 0  9994
2 48226  87.9119 168.6790 0002057 118.1234 242.0104 13.14504142 90445
