ONEWEB-0090             
1 45427U 20020D   23059.02857668 -.00000077  00000+0 -25302-3 0  9997
2 45427  87.8769 260.4977 0001476  92.8152 267.3145 13.11416121144726
ONEWEB-0090             
1 45427U 20020D   23059.56265486  .00000065  00000+0  14846-3 0  9993
2 45427  87.8770 260.3914 0001476  91.8818 268.2479 13.11416244144788
ONEWEB-0090             
1 45427U 20020D   23059.79154537  .00000094  00000+0  23027-3 0  9995
2 45427  87.8770 260.3455 0001477  92.1507 267.9790 13.11416641144815
ONEWEB-0090             
1 45427U 20020D   23060.09673332  .00000189  00000+0  49622-3 0  9993
2 45427  87.8769 260.2848 0001452  90.4590 269.6705 13.11416274144866
ONEWEB-0090             
1 45427U 20020D   23060.78340473  .00000399  00000+0  10905-2 0  9990
2 45427  87.8771 260.1472 0001493  92.4238 267.7061 13.11417187144944
ONEWEB-0090             
1 45427U 20020D   23061.77526424  .00000474  00000+0  13012-2 0  9998
2 45427  87.8774 259.9490 0001463  93.0419 267.0877 13.11417626145079
ONEWEB-0090             
1 45427U 20020D   23061.77526424  .00000474  00000+0  13012-2 0  9998
2 45427  87.8774 259.9490 0001463  93.0419 267.0877 13.11417626145080
ONEWEB-0090             
1 45427U 20020D   23062.46193580  .00000534  00000+0  14720-2 0  9992
2 45427  87.8775 259.8117 0001465  93.3277 266.8019 13.11417669145164
ONEWEB-0090             
1 45427U 20020D   23062.84341942  .00000551  00000+0  15198-2 0  9990
2 45427  87.8775 259.7355 0001464  93.4140 266.7155 13.11418177145217
