ONEWEB-0019             
1 45449U 20020AB  23059.57385254 -.00000387  00000+0 -11274-2 0  9994
2 45449  87.8797 260.3800 0001573  96.4791 263.6517 13.11414253144650
ONEWEB-0019             
1 45449U 20020AB  23059.87904049 -.00000314  00000+0 -92078-3 0  9998
2 45449  87.8798 260.3191 0001584  96.7352 263.3957 13.11414141144697
ONEWEB-0019             
1 45449U 20020AB  23060.03163421 -.00000228  00000+0 -67990-3 0  9998
2 45449  87.8798 260.2888 0001576  96.3671 263.7636 13.11414312144722
ONEWEB-0019             
1 45449U 20020AB  23060.79460432 -.00000103  00000+0 -32542-3 0  9990
2 45449  87.8799 260.1363 0001616  97.0140 263.1172 13.11414354144819
ONEWEB-0019             
1 45449U 20020AB  23061.09979335 -.00000120  00000+0 -37355-3 0  9997
2 45449  87.8800 260.0755 0001590  96.9602 263.1707 13.11413594144862
ONEWEB-0019             
1 45449U 20020AB  23061.78646690  .00000016  00000+0  83239-5 0  9994
2 45449  87.8800 259.9386 0001595  96.2189 263.9121 13.11413644144940
ONEWEB-0019             
1 45449U 20020AB  23062.24424943  .00000093  00000+0  22658-3 0  9992
2 45449  87.8800 259.8473 0001611  96.3328 263.7983 13.11413722145011
ONEWEB-0019             
1 45449U 20020AB  23062.47314021  .00000231  00000+0  61464-3 0  9994
2 45449  87.8802 259.8016 0001606  96.4102 263.7209 13.11413926145030
ONEWEB-0019             
1 45449U 20020AB  23062.77832892  .00000150  00000+0  38747-3 0  9996
2 45449  87.8802 259.7406 0001599  96.4489 263.6821 13.11413870145072
