ONEWEB-0203             
1 48235U 21031AB  23059.38166908  .00000146  00000+0  36002-3 0  9993
2 48235  87.9133 169.3609 0001266 111.3930 248.7334 13.14500945 89990
ONEWEB-0203             
1 48235U 21031AB  23059.83837740  .00000114  00000+0  27222-3 0  9991
2 48235  87.9132 169.2707 0001276 111.0439 249.0827 13.14500650 90052
ONEWEB-0203             
1 48235U 21031AB  23060.82791020  .00000263  00000+0  67472-3 0  9998
2 48235  87.9133 169.0753 0001283 112.0718 248.0548 13.14500665 90180
ONEWEB-0203             
1 48235U 21031AB  23061.81744248  .00000169  00000+0  42150-3 0  9999
2 48235  87.9133 168.8800 0001293 113.5308 246.5958 13.14501221 90314
ONEWEB-0203             
1 48235U 21031AB  23062.27414880  .00000278  00000+0  71491-3 0  9997
2 48235  87.9134 168.7898 0001280 113.6998 246.4266 13.14501693 90373
ONEWEB-0203             
1 48235U 21031AB  23062.35026644  .00000223  00000+0  56837-3 0  9990
2 48235  87.9135 168.7748 0001282 113.3863 246.7401 13.14502104 90381
