ONEWEB-0406             
1 50486U 21132T   23059.50569909 -.00000001  00000+0 -36153-4 0  9998
2 50486  87.9155 214.8226 0002152  95.4076 264.7302 13.18688187 62852
ONEWEB-0406             
1 50486U 21132T   23059.50569909 -.00000001  00000+0 -36153-4 0  9998
2 50486  87.9155 214.8226 0002152  95.4076 264.7302 13.18688187 64146
ONEWEB-0406             
1 50486U 21132T   23059.88508118  .00000005  00000+0 -20342-4 0  9990
2 50486  87.9157 214.7472 0002143  95.2913 264.8463 13.18688026 62901
ONEWEB-0406             
1 50486U 21132T   23060.71972104  .00000058  00000+0  11454-3 0  9994
2 50486  87.9158 214.5813 0002154  94.8242 265.3136 13.18688388 64301
ONEWEB-0406             
1 50486U 21132T   23060.87147460 -.00000017  00000+0 -75769-4 0  9997
2 50486  87.9158 214.5512 0002145  94.8015 265.3362 13.18687634 63038
ONEWEB-0406             
1 50486U 21132T   23061.78199058  .00000123  00000+0  27964-3 0  9997
2 50486  87.9163 214.3702 0002110  93.7755 266.3618 13.18688195 63155
ONEWEB-0406             
1 50486U 21132T   23062.38900218  .00000099  00000+0  21836-3 0  9996
2 50486  87.9165 214.2497 0002067  93.3852 266.7517 13.18687830 64521
ONEWEB-0406             
1 50486U 21132T   23062.46487891  .00000017  00000+0  10545-4 0  9998
2 50486  87.9165 214.2346 0002068  93.3717 266.7652 13.18687689 63245
ONEWEB-0406             
1 50486U 21132T   23062.84426065  .00000021  00000+0  21316-4 0  9999
2 50486  87.9165 214.1592 0002057  93.3789 266.7578 13.18688089 63291
