ONEWEB-0219             
1 48223U 21031P   23059.35630340  .00000158  00000+0  39081-3 0  9996
2 48223  87.9132 169.3731 0001965 110.3878 249.7463 13.14501028 90098
ONEWEB-0219             
1 48223U 21031P   23059.35630340  .00000158  00000+0  39081-3 0  9996
2 48223  87.9132 169.3731 0001965 110.3878 249.7463 13.14501028 90100
ONEWEB-0219             
1 48223U 21031P   23059.81301067  .00000028  00000+0  40024-4 0  9994
2 48223  87.9131 169.2829 0001984 110.4709 249.6633 13.14500869 90156
ONEWEB-0219             
1 48223U 21031P   23060.34583413  .00000026  00000+0  34880-4 0  9992
2 48223  87.9129 169.1776 0001995 110.1075 250.0269 13.14502023 90221
ONEWEB-0219             
1 48223U 21031P   23061.03089473 -.00000131  00000+0 -38646-3 0  9998
2 48223  87.9130 169.0422 0002008 109.8797 250.2550 13.14501543 90324
ONEWEB-0219             
1 48223U 21031P   23061.79207254 -.00000144  00000+0 -42240-3 0  9999
2 48223  87.9127 168.8916 0001994 110.0678 250.0667 13.14501428 90419
ONEWEB-0219             
1 48223U 21031P   23062.24877866 -.00000130  00000+0 -38443-3 0  9997
2 48223  87.9127 168.8013 0002003 109.9328 250.2017 13.14502253 90483
ONEWEB-0219             
1 48223U 21031P   23062.32489660 -.00000093  00000+0 -28519-3 0  9998
2 48223  87.9132 168.7869 0001991 109.0844 251.0501 13.14501934 90488
ONEWEB-0219             
1 48223U 21031P   23062.85772269 -.00000331  00000+0 -92756-3 0  9995
2 48223  87.9124 168.6804 0002008 110.2268 249.9078 13.14501205 90555
