ONEWEB-0435             
1 51632U 22012L   23059.58035334  .00000635  00000+0  17829-2 0  9996
2 51632  87.8761 275.6107 0000829  84.7888 275.3333 13.10374042 51553
ONEWEB-0435             
1 51632U 22012L   23059.58035334  .00000635  00000+0  17829-2 0  9996
2 51632  87.8761 275.6107 0000829  84.7888 275.3333 13.10374042 52835
ONEWEB-0435             
1 51632U 22012L   23059.88578227  .00000691  00000+0  19428-2 0  9991
2 51632  87.8762 275.5498 0000837  85.6395 274.4828 13.10374778 51597
ONEWEB-0435             
1 51632U 22012L   23060.87842790  .00000514  00000+0  14370-2 0  9996
2 51632  87.8762 275.3514 0000823  86.5109 273.6113 13.10375257 51728
ONEWEB-0435             
1 51632U 22012L   23061.10750005  .00000393  00000+0  10888-2 0  9995
2 51632  87.8764 275.3057 0000801  86.5428 273.5791 13.10375262 53035
ONEWEB-0435             
1 51632U 22012L   23061.64200064  .00000309  00000+0  84909-3 0  9992
2 51632  87.8764 275.1990 0000802  88.4219 271.7000 13.10375792 51825
ONEWEB-0435             
1 51632U 22012L   23062.48192949  .00000180  00000+0  48053-3 0  9994
2 51632  87.8762 275.0312 0000829  91.5718 268.5504 13.10376512 53217
ONEWEB-0435             
1 51632U 22012L   23062.86371626  .00000046  00000+0  94178-4 0  9998
2 51632  87.8762 274.9550 0000829  92.6560 267.4662 13.10375759 51983
