ONEWEB-0289             
1 49079U 21075E   23059.01207233  .00000052  00000+0  10181-3 0  9991
2 49079  87.9073 245.2709 0001610  86.7316 273.3999 13.17573031 76469
ONEWEB-0289             
1 49079U 21075E   23059.54365661 -.00000007  00000+0 -50505-4 0  9996
2 49079  87.9073 245.1650 0001620  86.8661 273.2655 13.17572915 75566
ONEWEB-0289             
1 49079U 21075E   23059.92335905  .00000077  00000+0  16446-3 0  9996
2 49079  87.9074 245.0892 0001619  86.7856 273.3460 13.17573201 75617
ONEWEB-0289             
1 49079U 21075E   23060.07524042  .00000011  00000+0 -49238-5 0  9992
2 49079  87.9073 245.0589 0001612  86.7489 273.3827 13.17573096 76603
ONEWEB-0289             
1 49079U 21075E   23060.91058696 -.00000021  00000+0 -86516-4 0  9993
2 49079  87.9074 244.8924 0001601  87.0426 273.0889 13.17572732 75742
ONEWEB-0289             
1 49079U 21075E   23061.74593247 -.00000011  00000+0 -61597-4 0  9992
2 49079  87.9075 244.7262 0001580  87.0005 273.1307 13.17573499 75855
ONEWEB-0289             
1 49079U 21075E   23061.74593247 -.00000011  00000+0 -61597-4 0  9992
2 49079  87.9075 244.7262 0001580  87.0005 273.1307 13.17573499 76823
ONEWEB-0289             
1 49079U 21075E   23062.42939728  .00000069  00000+0  14593-3 0  9990
2 49079  87.9076 244.5900 0001580  87.4512 272.6800 13.17573299 75940
ONEWEB-0289             
1 49079U 21075E   23062.88504083 -.00000029  00000+0 -10699-3 0  9993
2 49079  87.9077 244.4993 0001559  87.6872 272.4438 13.17573100 76003
