ONEWEB-0081             
1 45429U 20020F   23059.04203063 -.00000416  00000+0 -12104-2 0  9997
2 45429  87.8803 260.4902 0001323  78.1285 281.9991 13.11418295144781
ONEWEB-0081             
1 45429U 20020F   23059.57610808 -.00000436  00000+0 -12652-2 0  9994
2 45429  87.8804 260.3836 0001312  79.3127 280.8149 13.11417752144851
ONEWEB-0081             
1 45429U 20020F   23059.80499812 -.00000385  00000+0 -11233-2 0  9997
2 45429  87.8804 260.3379 0001313  78.9773 281.1502 13.11417893144882
ONEWEB-0081             
1 45429U 20020F   23060.11018567 -.00000364  00000+0 -10636-2 0  9990
2 45429  87.8803 260.2770 0001301  79.1092 281.0182 13.11417305144925
ONEWEB-0081             
1 45429U 20020F   23060.56796683 -.00000349  00000+0 -10197-2 0  9996
2 45429  87.8803 260.1855 0001297  80.1419 279.9856 13.11417066144981
ONEWEB-0081             
1 45429U 20020F   23061.78871619 -.00000065  00000+0 -21853-3 0  9991
2 45429  87.8805 259.9422 0001287  80.3301 279.7972 13.11417233145142
ONEWEB-0081             
1 45429U 20020F   23062.47538842  .00000121  00000+0  30533-3 0  9992
2 45429  87.8806 259.8051 0001264  81.0141 279.1130 13.11416793145235
ONEWEB-0081             
1 45429U 20020F   23062.78057623  .00000129  00000+0  32727-3 0  9994
2 45429  87.8806 259.7442 0001263  81.2528 278.8743 13.11416670145272
