ONEWEB-0025             
1 45138U 20008H   23059.52268500  .00000308  00000+0  84629-3 0  9990
2 45138  87.8743 275.6359 0001519  70.1742 289.9549 13.10369418150800
ONEWEB-0025             
1 45138U 20008H   23059.82811624  .00000396  00000+0  10975-2 0  9993
2 45138  87.8743 275.5749 0001520  70.1526 289.9765 13.10369488151598
ONEWEB-0025             
1 45138U 20008H   23060.82076753  .00000552  00000+0  15462-2 0  9991
2 45138  87.8743 275.3766 0001513  70.1810 289.9481 13.10370067150974
ONEWEB-0025             
1 45138U 20008H   23061.12619850  .00000619  00000+0  17367-2 0  9996
2 45138  87.8744 275.3158 0001502  68.5929 291.5359 13.10370317151769
ONEWEB-0025             
1 45138U 20008H   23061.81341833  .00000544  00000+0  15210-2 0  9997
2 45138  87.8745 275.1786 0001489  67.8443 292.2842 13.10370607151107
ONEWEB-0025             
1 45138U 20008H   23062.11884790  .00000746  00000+0  20994-2 0  9994
2 45138  87.8742 275.1175 0001496  67.8814 292.2472 13.10371597151148
ONEWEB-0025             
1 45138U 20008H   23062.50063612  .00000677  00000+0  19034-2 0  9995
2 45138  87.8743 275.0413 0001491  67.6170 292.5115 13.10372018151945
ONEWEB-0025             
1 45138U 20008H   23062.88242394  .00000678  00000+0  19062-2 0  9994
2 45138  87.8744 274.9647 0001453  69.3830 290.7453 13.10372232151249
