ONEWEB-0524             
1 54142U 22138AF  23059.28783579  .00003845  00000+0  65127-3 0  9993
2 54142  86.9076 169.5217 0008920 203.4516 156.6294 14.69050349 19818
ONEWEB-0524             
1 54142U 22138AF  23059.49218356  .00003664  00000+0  62043-3 0  9995
2 54142  86.9076 169.4442 0008951 202.6251 157.4571 14.69051378 18985
ONEWEB-0524             
1 54142U 22138AF  23059.83276339  .00002898  00000+0  48992-3 0  9993
2 54142  86.9076 169.3150 0008990 201.3720 158.7122 14.69051713 19036
ONEWEB-0524             
1 54142U 22138AF  23060.44580367  .00003242  00000+0  54848-3 0  9992
2 54142  86.9076 169.0826 0009079 199.0258 161.0620 14.69057728 19987
ONEWEB-0524             
1 54142U 22138AF  23060.58203493  .00002954  00000+0  49944-3 0  9999
2 54142  86.9077 169.0309 0009098 198.5426 161.5459 14.69057958 19144
ONEWEB-0524             
1 54142U 22138AF  23061.80812238  .00002923  00000+0  49404-3 0  9995
2 54142  86.9079 168.5658 0009264 194.3137 165.7818 14.69060320 19327
ONEWEB-0524             
1 54142U 22138AF  23062.35304493  .00003845  00000+0  65108-3 0  9998
2 54142  86.9079 168.3593 0009284 192.3069 167.7922 14.69066262 19405
ONEWEB-0524             
1 54142U 22138AF  23062.35304493  .00003845  00000+0  65108-3 0  9998
2 54142  86.9079 168.3593 0009284 192.3069 167.7922 14.69066262 20261
ONEWEB-0524             
1 54142U 22138AF  23062.69362119  .00004067  00000+0  68877-3 0  9997
2 54142  86.9080 168.2301 0009329 191.0649 169.0363 14.69068640 19454
