ONEWEB-0497             
1 54116U 22138D   23059.34519644  .00000054  00000+0  10295-3 0  9996
2 54116  87.9289 184.5665 0001445 105.1770 254.9523 13.19723793 17892
ONEWEB-0497             
1 54116U 22138D   23059.34519644  .00000054  00000+0  10295-3 0  9996
2 54116  87.9289 184.5665 0001445 105.1770 254.9523 13.19723793 18769
ONEWEB-0497             
1 54116U 22138D   23059.87591479  .00000003  00000+0 -24423-4 0  9994
2 54116  87.9290 184.4614 0001433 104.5282 255.6010 13.19724007 17961
ONEWEB-0497             
1 54116U 22138D   23060.40663273 -.00000010  00000+0 -58126-4 0  9993
2 54116  87.9291 184.3567 0001461 105.9919 254.1375 13.19724261 18906
ONEWEB-0497             
1 54116U 22138D   23060.86153496 -.00000038  00000+0 -12649-3 0  9993
2 54116  87.9293 184.2667 0001476 106.8265 253.3030 13.19723340 18094
ONEWEB-0497             
1 54116U 22138D   23061.77133740  .00000101  00000+0  22092-3 0  9996
2 54116  87.9296 184.0868 0001487 106.9807 253.1489 13.19723728 18213
ONEWEB-0497             
1 54116U 22138D   23062.37787249  .00000099  00000+0  21607-3 0  9999
2 54116  87.9294 183.9666 0001531 108.9031 251.2267 13.19724094 18294
ONEWEB-0497             
1 54116U 22138D   23062.37787249  .00000099  00000+0  21607-3 0  9999
2 54116  87.9294 183.9666 0001531 108.9031 251.2267 13.19724094 19161
ONEWEB-0497             
1 54116U 22138D   23062.83277504  .00000010  00000+0 -79470-5 0  9995
2 54116  87.9294 183.8765 0001526 109.2547 250.8751 13.19723182 18350
