ONEWEB-0027             
1 45432U 20020J   23059.58385059  .00000439  00000+0  10883-2 0  9991
2 45432  87.9069 245.1885 0001712  98.8888 261.2437 13.18158859147727
ONEWEB-0027             
1 45432U 20020J   23059.88747612  .00000505  00000+0  12570-2 0  9990
2 45432  87.9068 245.1281 0001699  97.8863 262.2462 13.18160900147765
ONEWEB-0027             
1 45432U 20020J   23060.87426455  .00000436  00000+0  10813-2 0  9991
2 45432  87.9071 244.9314 0001717  97.9220 262.2107 13.18160154147893
ONEWEB-0027             
1 45432U 20020J   23061.02607701  .00000500  00000+0  12459-2 0  9994
2 45432  87.9072 244.9011 0001723  98.0784 262.0543 13.18161150147914
ONEWEB-0027             
1 45432U 20020J   23061.78514310  .00000025  00000+0  32152-4 0  9996
2 45432  87.9073 244.7498 0001760  97.1704 262.9628 13.18163211148010
ONEWEB-0027             
1 45432U 20020J   23062.46830294  .00000015  00000+0  57856-5 0  9992
2 45432  87.9077 244.6136 0001745  96.7558 263.3773 13.18162561148100
ONEWEB-0027             
1 45432U 20020J   23062.77192824  .00000155  00000+0  36308-3 0  9998
2 45432  87.9078 244.5531 0001758  97.1516 262.9815 13.18163434148148
