ONEWEB-0602             
1 54666U 22166AA  23059.58334491 -.00941330  00000+0 -60449+0 0  9993
2 54666  87.1835 125.6313 0010169 331.1457 105.7260 14.06313233  1304
ONEWEB-0602             
1 54666U 22166AA  23060.00001157 -.00949680  00000+0 -61972+0 0  9990
2 54666  87.1919 125.5021 0010003 329.1845  55.2373 14.05451715 12748
ONEWEB-0602             
1 54666U 22166AA  23060.58334491 -.00941482  00000+0 -62751+0 0  9991
2 54666  87.2037 125.3201 0010025 327.9026 124.9152 14.04247883 12825
ONEWEB-0602             
1 54666U 22166AA  23061.00001157 -.00947650  00000+0 -64170+0 0  9999
2 54666  87.2122 125.1923 0009889 325.8470  71.4269 14.03386032  1300
ONEWEB-0602             
1 54666U 22166AA  23061.25001157 -.01021666  00000+0 -70071+0 0  9994
2 54666  87.2172 125.1150 0009655 325.0667 254.2392 14.02917895 12922
ONEWEB-0602             
1 54666U 22166AA  23061.83334491 -.01031756  00000+0 -72349+0 0  9999
2 54666  87.2290 124.9364 0009587 323.1007 319.1889 14.01709134  1304
ONEWEB-0602             
1 54666U 22166AA  23061.83334491 -.01031756  00000+0 -72349+0 0  9999
2 54666  87.2290 124.9364 0009587 323.1007 319.1889 14.01709134 13004
ONEWEB-0602             
1 54666U 22166AA  23062.50001157 -.00948555  00000+0 -67888+0 0  9999
2 54666  87.2425 124.7326 0009745 320.8950  81.7189 14.00284345 13092
ONEWEB-0602             
1 54666U 22166AA  23062.58334491 -.00943261  00000+0 -67692+0 0  9999
2 54666  87.2440 124.7073 0009723 321.4265 140.9899 14.00114530  1305
ONEWEB-0602             
1 54666U 22166AA  23062.91667824 -.00986803  00000+0 -71849+0 0  9993
2 54666  87.2508 124.6072 0009521 319.2769  21.8478 13.99442670  1304
