ONEWEB-0329             
1 49107U 21075AJ  23059.53047646  .00000051  00000+0  98153-4 0  9995
2 49107  87.9074 245.1646 0001958  98.8764 261.2589 13.17787856 74941
ONEWEB-0329             
1 49107U 21075AJ  23059.91011696  .00000077  00000+0  16455-3 0  9995
2 49107  87.9074 245.0890 0001973  98.8543 261.2812 13.17788340 75986
ONEWEB-0329             
1 49107U 21075AJ  23060.89718384 -.00000024  00000+0 -95038-4 0  9991
2 49107  87.9076 244.8923 0001966  98.4743 261.6612 13.17787801 75121
ONEWEB-0329             
1 49107U 21075AJ  23061.04903982  .00000058  00000+0  11565-3 0  9996
2 49107  87.9076 244.8620 0001961  98.3790 261.7564 13.17787934 76137
ONEWEB-0329             
1 49107U 21075AJ  23061.73239259  .00000108  00000+0  24517-3 0  9998
2 49107  87.9076 244.7258 0001971  98.0401 262.0954 13.17788692 75239
ONEWEB-0329             
1 49107U 21075AJ  23062.41575013 -.00000448  00000+0 -11844-2 0  9992
2 49107  87.9068 244.5895 0001942 101.2443 258.8907 13.17785539 76314
ONEWEB-0329             
1 49107U 21075AJ  23062.49169447 -.00001641  00000+0 -42532-2 0  9994
2 49107  87.9086 244.5746 0002238  95.1002 265.0385 13.17773461 75332
ONEWEB-0329             
1 49107U 21075AJ  23062.49169447 -.00001641  00000+0 -42532-2 0  9994
2 49107  87.9086 244.5746 0002238  95.1002 265.0385 13.17773461 76322
ONEWEB-0329             
1 49107U 21075AJ  23062.87135063 -.00002543  00000+0 -65734-2 0  9994
2 49107  87.9092 244.4996 0001892  99.4421 260.6925 13.17763176 75380
ONEWEB-0329             
1 49107U 21075AJ  23062.87135063 -.00002543  00000+0 -65734-2 0  9994
2 49107  87.9092 244.4996 0001892  99.4421 260.6925 13.17763176 76370
