ONEWEB-0367             
1 49293U 21090Q   23059.25382427  .00000005  00000+0 -20298-4 0  9991
2 49293  87.9331 154.2640 0001511  98.5022 261.6283 13.20770969 72074
ONEWEB-0367             
1 49293U 21090Q   23059.32958105  .00000013  00000+0  59678-6 0  9995
2 49293  87.9331 154.2490 0001514  98.5679 261.5625 13.20770981 70787
ONEWEB-0367             
1 49293U 21090Q   23059.78412267 -.00000018  00000+0 -76373-4 0  9995
2 49293  87.9331 154.1591 0001499  98.8958 261.2345 13.20770365 70842
ONEWEB-0367             
1 49293U 21090Q   23060.31441948 -.00000341  00000+0 -87150-3 0  9997
2 49293  87.9332 154.0542 0001503  99.6193 260.5110 13.20772597 70913
ONEWEB-0367             
1 49293U 21090Q   23060.31441948 -.00000341  00000+0 -87150-3 0  9997
2 49293  87.9332 154.0542 0001503  99.6193 260.5110 13.20772597 72218
ONEWEB-0367             
1 49293U 21090Q   23061.45077279  .00000067  00000+0  13281-3 0  9992
2 49293  87.9329 153.8293 0001524 100.0093 260.1212 13.20771113 71067
ONEWEB-0367             
1 49293U 21090Q   23062.28409803  .00000039  00000+0  62970-4 0  9995
2 49293  87.9328 153.6645 0001515 100.2648 259.8656 13.20771451 71177
ONEWEB-0367             
1 49293U 21090Q   23062.28409803  .00000039  00000+0  62970-4 0  9995
2 49293  87.9328 153.6645 0001515 100.2648 259.8656 13.20771451 72471
