ONEWEB-0344             
1 49210U 21083AA  23059.41932651 -.00000512  00000+0 -14381-2 0  9998
2 49210  87.9083 199.6549 0001940 101.8503 258.2843 13.13469442 72747
ONEWEB-0344             
1 49210U 21083AA  23059.95257046 -.00000737  00000+0 -20523-2 0  9999
2 49210  87.9078 199.5498 0001921 101.4352 258.6993 13.13469069 74118
ONEWEB-0344             
1 49210U 21083AA  23060.86670261 -.00000659  00000+0 -18396-2 0  9997
2 49210  87.9079 199.3686 0001923 101.3329 258.8017 13.13468154 72932
ONEWEB-0344             
1 49210U 21083AA  23061.09523599 -.00000318  00000+0 -90445-3 0  9992
2 49210  87.9080 199.3233 0001901 101.1218 259.0124 13.13466720 74260
ONEWEB-0344             
1 49210U 21083AA  23061.78083625 -.00000187  00000+0 -54798-3 0  9994
2 49210  87.9082 199.1877 0001895 100.9709 259.1633 13.13466596 73051
ONEWEB-0344             
1 49210U 21083AA  23062.39025826 -.00000034  00000+0 -12726-3 0  9997
2 49210  87.9082 199.0670 0001906 100.3340 259.8005 13.13467497 73139
ONEWEB-0344             
1 49210U 21083AA  23062.39025826 -.00000034  00000+0 -12726-3 0  9997
2 49210  87.9082 199.0670 0001906 100.3340 259.8005 13.13467497 74433
ONEWEB-0344             
1 49210U 21083AA  23062.84732698 -.00000118  00000+0 -35687-3 0  9993
2 49210  87.9086 198.9764 0001876  99.2271 260.9070 13.13466237 73192
