ONEWEB-0172             
1 48071U 21025AF  23059.40240591 -.00000116  00000+0 -35340-3 0  9991
2 48071  87.9036 199.6451 0001438 118.5648 241.5626 13.13466362 96353
ONEWEB-0172             
1 48071U 21025AF  23059.93565168 -.00000120  00000+0 -36243-3 0  9997
2 48071  87.9037 199.5393 0001431 118.0207 242.1067 13.13466032 96425
ONEWEB-0172             
1 48071U 21025AF  23060.84978671  .00000016  00000+0  93472-5 0  9997
2 48071  87.9040 199.3584 0001469 118.1206 242.0072 13.13465914 96546
ONEWEB-0172             
1 48071U 21025AF  23061.07831893  .00000221  00000+0  56970-3 0  9995
2 48071  87.9042 199.3133 0001473 118.2456 241.8822 13.13467306 96571
ONEWEB-0172             
1 48071U 21025AF  23061.76392070  .00000282  00000+0  73668-3 0  9990
2 48071  87.9049 199.1774 0001487 116.7685 243.3597 13.13466750 96667
ONEWEB-0172             
1 48071U 21025AF  23062.37334419  .00000327  00000+0  86013-3 0  9999
2 48071  87.9063 199.0572 0001486 118.1753 241.9526 13.13466423 96741
ONEWEB-0172             
1 48071U 21025AF  23062.44952136  .00000321  00000+0  84469-3 0  9996
2 48071  87.9068 199.0423 0001519 119.4435 240.6845 13.13467255 96754
ONEWEB-0172             
1 48071U 21025AF  23062.83041179  .00000289  00000+0  75551-3 0  9990
2 48071  87.9075 198.9669 0001492 119.6997 240.4280 13.13465953 96807
