ONEWEB-0710             
1 55173U 23004AK  23059.33334491  .00009191  00000+0  16814-2 0  9990
2 55173  86.6230 264.1832 0016127  59.0005  37.7119 14.65699207  7453
ONEWEB-0710             
1 55173U 23004AK  23059.58334491 -.00007312  00000+0 -13482-2 0  9990
2 55173  86.6230 264.0801 0016027  58.2398 276.7331 14.65718870  1300
ONEWEB-0710             
1 55173U 23004AK  23059.91667824  .00051243  00000+0  93393-2 0  9995
2 55173  86.6229 263.9417 0016024  56.8887 235.8042 14.65680590  1305
ONEWEB-0710             
1 55173U 23004AK  23060.58334491 -.00085229  00000+0 -15848-1 0  9992
2 55173  86.6226 263.6681 0016064  55.2917 152.7889 14.65725724  7630
ONEWEB-0710             
1 55173U 23004AK  23060.91667824  .00136464  00000+0  24598-1 0  9996
2 55173  86.6226 263.5297 0016086  53.9419 111.8361 14.65616333  1302
ONEWEB-0710             
1 55173U 23004AK  23061.83334491 -.00077261  00000+0 -14357-1 0  9992
2 55173  86.6225 263.1521 0015646  50.9520 268.4732 14.65708169  1308
ONEWEB-0710             
1 55173U 23004AK  23062.52382866 -.00002683  00000+0 -49761-3 0  9993
2 55173  86.6225 262.8680 0015646  48.7653 311.4906 14.65679232  7926
ONEWEB-0710             
1 55173U 23004AK  23062.93344767 -.00000498  00000+0 -95882-4 0  9994
2 55173  86.6225 262.6990 0015654  48.1391 312.1156 14.65693685  7989
