ONEWEB-0232             
1 48781U 21045Q   23059.24421979 -.00000068  00000+0 -21592-3 0  9994
2 48781  87.9117 139.1562 0001515 109.2820 250.8474 13.15542161 87345
ONEWEB-0232             
1 48781U 21045Q   23059.77662499 -.00000213  00000+0 -60059-3 0  9999
2 48781  87.9115 139.0506 0001520 109.1873 250.9422 13.15541486 86299
ONEWEB-0232             
1 48781U 21045Q   23060.23296988 -.00000035  00000+0 -12826-3 0  9999
2 48781  87.9115 138.9603 0001525 109.3240 250.8055 13.15542854 86358
ONEWEB-0232             
1 48781U 21045Q   23061.14566359  .00000019  00000+0  16533-4 0  9992
2 48781  87.9114 138.7795 0001541 109.8400 250.2897 13.15541992 87595
ONEWEB-0232             
1 48781U 21045Q   23061.60201083  .00000004  00000+0 -23315-4 0  9994
2 48781  87.9111 138.6890 0001532 109.5299 250.5996 13.15541475 86532
ONEWEB-0232             
1 48781U 21045Q   23062.28652979  .00000072  00000+0  15853-3 0  9994
2 48781  87.9110 138.5534 0001552 109.7398 250.3900 13.15542596 86627
ONEWEB-0232             
1 48781U 21045Q   23062.28652979  .00000072  00000+0  15853-3 0  9994
2 48781  87.9110 138.5534 0001552 109.7398 250.3900 13.15542596 87741
ONEWEB-0232             
1 48781U 21045Q   23062.89498209  .00001009  00000+0  26448-2 0  9997
2 48781  87.9109 138.4333 0001639 110.3512 249.7794 13.15550200 86706
ONEWEB-0232             
1 48781U 21045Q   23062.89498209  .00001009  00000+0  26448-2 0  9997
2 48781  87.9109 138.4333 0001639 110.3512 249.7794 13.15550200 87820
