ONEWEB-0336             
1 49202U 21083S   23059.43205338  .00000014  00000+0  27040-5 0  9990
2 49202  87.9077 199.6454 0001408 102.2881 257.8406 13.13470518 72767
ONEWEB-0336             
1 49202U 21083S   23059.43205338  .00000014  00000+0  27040-5 0  9990
2 49202  87.9077 199.6454 0001408 102.2881 257.8406 13.13470518 74062
ONEWEB-0336             
1 49202U 21083S   23059.88911824 -.00000194  00000+0 -56668-3 0  9990
2 49202  87.9080 199.5551 0001259 103.3299 256.7971 13.13470832 72828
ONEWEB-0336             
1 49202U 21083S   23060.87942577 -.00000241  00000+0 -69413-3 0  9995
2 49202  87.9079 199.3594 0001425 103.6001 256.5287 13.13470335 72950
ONEWEB-0336             
1 49202U 21083S   23061.10795814 -.00000214  00000+0 -62119-3 0  9998
2 49202  87.9079 199.3142 0001422 103.4783 256.6505 13.13470312 74288
ONEWEB-0336             
1 49202U 21083S   23061.41266768 -.00000155  00000+0 -45868-3 0  9999
2 49202  87.9080 199.2541 0001416 103.3536 256.7751 13.13470687 73020
ONEWEB-0336             
1 49202U 21083S   23062.32679792 -.00000157  00000+0 -46475-3 0  9992
2 49202  87.9083 199.0737 0001392 104.0850 256.0434 13.13470942 74440
ONEWEB-0336             
1 49202U 21083S   23062.40297564 -.00000163  00000+0 -48217-3 0  9997
2 49202  87.9085 199.0587 0001402 104.0944 256.0341 13.13470760 73153
ONEWEB-0336             
1 49202U 21083S   23062.86004218 -.00000331  00000+0 -94109-3 0  9997
2 49202  87.9086 198.9681 0001385 104.5905 255.5377 13.13470030 73219
