ONEWEB-0535             
1 54147U 22138AL  23059.34941258  .00000052  00000+0  96840-4 0  9999
2 54147  87.9301 184.5537 0001685 102.8758 257.2563 13.19725057 17924
ONEWEB-0535             
1 54147U 22138AL  23059.34941258  .00000052  00000+0  96840-4 0  9999
2 54147  87.9301 184.5537 0001685 102.8758 257.2563 13.19725057 18790
ONEWEB-0535             
1 54147U 22138AL  23059.88013193 -.00000153  00000+0 -41481-3 0  9990
2 54147  87.9299 184.4486 0001664 102.2524 257.8796 13.19724036 17991
ONEWEB-0535             
1 54147U 22138AL  23060.41084849  .00000114  00000+0  25209-3 0  9992
2 54147  87.9301 184.3437 0001678 103.1961 256.9359 13.19724684 18939
ONEWEB-0535             
1 54147U 22138AL  23060.86573304  .00000191  00000+0  44389-3 0  9995
2 54147  87.9266 184.2510 0002023 102.8290 257.3069 13.19744394 18120
ONEWEB-0535             
1 54147U 22138AL  23061.39642950  .00002647  00000+0  65742-2 0  9991
2 54147  87.9338 184.1522 0001256 103.1183 257.0090 13.19752306 18194
ONEWEB-0535             
1 54147U 22138AL  23062.38206783 -.00000947  00000+0 -23987-2 0  9999
2 54147  87.9302 183.9538 0001906 103.4102 256.7244 13.19725808 18324
ONEWEB-0535             
1 54147U 22138AL  23062.38206783 -.00000947  00000+0 -23987-2 0  9999
2 54147  87.9302 183.9538 0001906 103.4102 256.7244 13.19725808 19190
ONEWEB-0535             
1 54147U 22138AL  23062.83696668 -.00002654  00000+0 -66617-2 0  9998
2 54147  87.9311 183.8642 0001796 103.4400 256.6933 13.19732047 18380
