ONEWEB-0171             
1 48070U 21025AE  23059.42038794 -.00000243  00000+0 -70086-3 0  9999
2 48070  87.9080 199.6539 0001784 103.5465 256.5863 13.13467789 95467
ONEWEB-0171             
1 48070U 21025AE  23059.87745349 -.00000220  00000+0 -63636-3 0  9997
2 48070  87.9081 199.5636 0001792 103.3098 256.8231 13.13468181 95520
ONEWEB-0171             
1 48070U 21025AE  23060.86776387 -.00000352  00000+0 -99906-3 0  9999
2 48070  87.9085 199.3679 0001809 103.0063 257.1268 13.13467904 95657
ONEWEB-0171             
1 48070U 21025AE  23061.09629736 -.00000317  00000+0 -90164-3 0  9998
2 48070  87.9083 199.3226 0001806 102.8495 257.2836 13.13467429 95683
ONEWEB-0171             
1 48070U 21025AE  23061.78189616 -.00000176  00000+0 -51560-3 0  9992
2 48070  87.9082 199.1870 0001791 102.6769 257.4561 13.13468196 95779
ONEWEB-0171             
1 48070U 21025AE  23062.39131803 -.00000101  00000+0 -31061-3 0  9997
2 48070  87.9082 199.0668 0001786 101.7270 258.4059 13.13468801 95859
ONEWEB-0171             
1 48070U 21025AE  23062.84838605 -.00000124  00000+0 -37498-3 0  9996
2 48070  87.9082 198.9764 0001732 100.2732 259.8592 13.13467546 95911
