ONEWEB-0209             
1 48215U 21031F   23059.06874377  .00000259  00000+0  66452-3 0  9999
2 48215  87.9134 169.4436 0001852 108.8225 251.3105 13.14500950 90058
ONEWEB-0209             
1 48215U 21031F   23059.37321591  .00000215  00000+0  54532-3 0  9996
2 48215  87.9135 169.3834 0001890 108.8682 251.2653 13.14500739 90095
ONEWEB-0209             
1 48215U 21031F   23059.82992403  .00000234  00000+0  59587-3 0  9998
2 48215  87.9132 169.2933 0001902 108.9062 251.2274 13.14500147 90157
ONEWEB-0209             
1 48215U 21031F   23060.36274812  .00000355  00000+0  92245-3 0  9998
2 48215  87.9132 169.1879 0001949 109.1443 250.9898 13.14501396 90225
ONEWEB-0209             
1 48215U 21031F   23061.80898938  .00000376  00000+0  97893-3 0  9996
2 48215  87.9134 168.9022 0002144 107.2171 252.9193 13.14498840 90419
ONEWEB-0209             
1 48215U 21031F   23062.34181135  .00000104  00000+0  24594-3 0  9997
2 48215  87.9132 168.7969 0001991 109.4579 250.6766 13.14502642 90484
