ONEWEB-0380             
1 49306U 21090AD  23059.37889915 -.00000003  00000+0 -39744-4 0  9998
2 49306  87.9332 184.5089 0001767 113.7500 246.3819 13.19726263 67511
ONEWEB-0380             
1 49306U 21090AD  23059.37889915 -.00000003  00000+0 -39744-4 0  9998
2 49306  87.9332 184.5089 0001767 113.7500 246.3819 13.19726263 68792
ONEWEB-0380             
1 49306U 21090AD  23059.83379967  .00000085  00000+0  17901-3 0  9998
2 49306  87.9333 184.4192 0001775 113.1002 247.0318 13.19726236 67574
ONEWEB-0380             
1 49306U 21090AD  23060.89523434 -.00000007  00000+0 -49615-4 0  9990
2 49306  87.9331 184.2091 0001824 112.7748 247.3578 13.19726193 67714
ONEWEB-0380             
1 49306U 21090AD  23061.04686642  .00000121  00000+0  27030-3 0  9990
2 49306  87.9328 184.1792 0001828 112.3982 247.7345 13.19727371 69017
ONEWEB-0380             
1 49306U 21090AD  23061.80503521 -.00000028  00000+0 -10287-3 0  9992
2 49306  87.9330 184.0296 0001852 112.1164 248.0166 13.19725812 67836
ONEWEB-0380             
1 49306U 21090AD  23062.41156672  .00000124  00000+0  27633-3 0  9999
2 49306  87.9327 183.9096 0001867 111.8196 248.3136 13.19727966 67916
ONEWEB-0380             
1 49306U 21090AD  23062.41156672  .00000124  00000+0  27633-3 0  9999
2 49306  87.9327 183.9096 0001867 111.8196 248.3136 13.19727966 69198
ONEWEB-0380             
1 49306U 21090AD  23062.86646821  .00000052  00000+0  96526-4 0  9996
2 49306  87.9328 183.8195 0001806 110.8777 249.2549 13.19726171 67974
