ONEWEB-0419             
1 50494U 21132AB  23059.43824447  .00000097  00000+0  21428-3 0  9991
2 50494  87.9224 214.8025 0001859 112.1654 247.9675 13.18684995 62801
ONEWEB-0419             
1 50494U 21132AB  23059.43824447  .00000097  00000+0  21428-3 0  9991
2 50494  87.9224 214.8025 0001859 112.1654 247.9675 13.18684995 64094
ONEWEB-0419             
1 50494U 21132AB  23059.89350398  .00000057  00000+0  11263-3 0  9992
2 50494  87.9225 214.7123 0001866 112.0317 248.1013 13.18685026 62864
ONEWEB-0419             
1 50494U 21132AB  23060.50051611  .00000074  00000+0  15576-3 0  9998
2 50494  87.9226 214.5920 0001887 111.7231 248.4102 13.18685362 64230
ONEWEB-0419             
1 50494U 21132AB  23060.87989960 -.00000015  00000+0 -70333-4 0  9995
2 50494  87.9226 214.5169 0001888 111.6326 248.5008 13.18684784 62994
ONEWEB-0419             
1 50494U 21132AB  23061.71454077  .00000106  00000+0  23573-3 0  9997
2 50494  87.9229 214.3516 0001881 111.5311 248.6022 13.18685623 63101
ONEWEB-0419             
1 50494U 21132AB  23062.39743007  .00000109  00000+0  24300-3 0  9998
2 50494  87.9230 214.2163 0001880 111.7461 248.3872 13.18685405 63194
ONEWEB-0419             
1 50494U 21132AB  23062.39743007  .00000109  00000+0  24300-3 0  9998
2 50494  87.9230 214.2163 0001880 111.7461 248.3872 13.18685405 64487
ONEWEB-0419             
1 50494U 21132AB  23062.85269040 -.00000007  00000+0 -49328-4 0  9996
2 50494  87.9231 214.1262 0001891 111.7453 248.3880 13.18684757 63252
