ONEWEB-0040             
1 45147U 20008S   23059.51022862  .00000621  00000+0  17413-2 0  9992
2 45147  87.8717 275.6364 0001811  77.0563 283.0767 13.10372084150887
ONEWEB-0040             
1 45147U 20008S   23059.58658637  .00000639  00000+0  17953-2 0  9992
2 45147  87.8717 275.6211 0001809  77.0387 283.0942 13.10371882150104
ONEWEB-0040             
1 45147U 20008S   23059.89201661  .00000702  00000+0  19746-2 0  9990
2 45147  87.8717 275.5600 0001806  77.0154 283.1175 13.10371990150147
ONEWEB-0040             
1 45147U 20008S   23060.57923380  .00000663  00000+0  18625-2 0  9997
2 45147  87.8718 275.4225 0001819  76.9780 283.1551 13.10373360151026
ONEWEB-0040             
1 45147U 20008S   23060.88466395  .00000663  00000+0  18642-2 0  9998
2 45147  87.8718 275.3614 0001820  77.0956 283.0374 13.10373095150279
ONEWEB-0040             
1 45147U 20008S   23061.57188052  .00000559  00000+0  15649-2 0  9994
2 45147  87.8721 275.2238 0001786  75.7994 284.3332 13.10374023150362
ONEWEB-0040             
1 45147U 20008S   23062.10638170  .00000500  00000+0  13972-2 0  9998
2 45147  87.8720 275.1169 0001782  75.9947 284.1379 13.10374731151220
ONEWEB-0040             
1 45147U 20008S   23062.48816797  .00000476  00000+0  13266-2 0  9990
2 45147  87.8720 275.0405 0001774  75.9232 284.2092 13.10375199150489
ONEWEB-0040             
1 45147U 20008S   23062.86995465  .00000418  00000+0  11599-2 0  9995
2 45147  87.8721 274.9640 0001762  75.5329 284.5993 13.10374993150539
