ONEWEB-0031             
1 45431U 20020H   23059.00390558  .00000596  00000+0  16447-2 0  9993
2 45431  87.8805 260.4833 0001742  87.9542 272.1785 13.11417506144695
ONEWEB-0031             
1 45431U 20020H   23059.53798303  .00000523  00000+0  14400-2 0  9998
2 45431  87.8807 260.3766 0001746  87.3221 272.8106 13.11417382144767
ONEWEB-0031             
1 45431U 20020H   23059.91946593  .00000464  00000+0  12745-2 0  9990
2 45431  87.8807 260.3005 0001743  87.6318 272.5009 13.11418185144817
ONEWEB-0031             
1 45431U 20020H   23060.07205907  .00000503  00000+0  13837-2 0  9993
2 45431  87.8806 260.2701 0001750  87.8137 272.3192 13.11418198144834
ONEWEB-0031             
1 45431U 20020H   23060.91132219  .00000262  00000+0  70333-3 0  9998
2 45431  87.8809 260.1026 0001744  87.7009 272.4319 13.11418256144945
ONEWEB-0031             
1 45431U 20020H   23061.82688018  .00000156  00000+0  40504-3 0  9991
2 45431  87.8809 259.9199 0001732  87.3308 272.8018 13.11418966145069
ONEWEB-0031             
1 45431U 20020H   23062.51354915 -.00000021  00000+0 -95231-4 0  9995
2 45431  87.8811 259.7830 0001731  87.5921 272.5405 13.11418678145151
ONEWEB-0031             
1 45431U 20020H   23062.81873394  .00000051  00000+0  10910-3 0  9996
2 45431  87.8812 259.7223 0001727  88.2003 271.9323 13.11419675145196
