ONEWEB-0201             
1 48241U 21031AH  23059.33834245 -.00000368  00000+0 -10280-2 0  9998
2 48241  87.9137 169.3967 0001807 111.8795 248.2527 13.14504119 90092
ONEWEB-0201             
1 48241U 21031AH  23059.79504940 -.00000240  00000+0 -68088-3 0  9993
2 48241  87.9137 169.3064 0001855 110.8408 249.2920 13.14503137 90157
ONEWEB-0201             
1 48241U 21031AH  23060.86069847 -.00000314  00000+0 -88105-3 0  9999
2 48241  87.9134 169.0959 0001857 110.6769 249.4560 13.14502441 90298
ONEWEB-0201             
1 48241U 21031AH  23061.01293228 -.00000137  00000+0 -40508-3 0  9997
2 48241  87.9132 169.0657 0001861 110.3378 249.7952 13.14503978 90316
ONEWEB-0201             
1 48241U 21031AH  23061.31740357 -.00000093  00000+0 -28539-3 0  9991
2 48241  87.9130 169.0054 0001869 110.1172 250.0159 13.14503544 90350
ONEWEB-0201             
1 48241U 21031AH  23062.30693461 -.00000017  00000+0 -80955-4 0  9991
2 48241  87.9126 168.8095 0001879 109.7395 250.3938 13.14504243 90488
ONEWEB-0201             
1 48241U 21031AH  23062.83976011  .00000027  00000+0  38464-4 0  9991
2 48241  87.9125 168.7040 0001855 109.4128 250.7202 13.14503098 90554
