ONEWEB-0024             
1 45137U 20008G   23059.04740536  .00000673  00000+0  18911-2 0  9995
2 45137  87.8843 275.7693 0001508  84.5973 275.5327 13.10374121151167
ONEWEB-0024             
1 45137U 20008G   23059.58190634  .00000725  00000+0  20390-2 0  9994
2 45137  87.8845 275.6628 0001513  83.8161 276.3139 13.10375455150488
ONEWEB-0024             
1 45137U 20008G   23059.88733617  .00000633  00000+0  17777-2 0  9994
2 45137  87.8847 275.6022 0001517  84.3210 275.8090 13.10375232150521
ONEWEB-0024             
1 45137U 20008G   23060.11640771  .00000707  00000+0  19886-2 0  9995
2 45137  87.8844 275.5567 0001517  85.0669 275.0631 13.10375571151303
ONEWEB-0024             
1 45137U 20008G   23060.87998043  .00000540  00000+0  15100-2 0  9996
2 45137  87.8846 275.4048 0001531  85.2598 274.8704 13.10376339150655
ONEWEB-0024             
1 45137U 20008G   23061.64355214  .00000435  00000+0  12108-2 0  9997
2 45137  87.8849 275.2530 0001509  84.8232 275.3067 13.10377149150756
ONEWEB-0024             
1 45137U 20008G   23061.64355214  .00000435  00000+0  12108-2 0  9997
2 45137  87.8849 275.2530 0001509  84.8232 275.3067 13.10377149151500
ONEWEB-0024             
1 45137U 20008G   23062.10169506  .00000303  00000+0  83150-3 0  9996
2 45137  87.8847 275.1619 0001513  85.5531 274.5770 13.10377564150816
ONEWEB-0024             
1 45137U 20008G   23062.86526667  .00000183  00000+0  48902-3 0  9996
2 45137  87.8847 275.0100 0001508  85.9086 274.2214 13.10377208150919
