ONEWEB-0597             
1 54663U 22166X   23059.25001157 -.01039166  00000+0 -68086+0 0  9995
2 54663  87.1881 125.8134 0010811 342.6271  56.3593 14.05518887 12639
ONEWEB-0597             
1 54663U 22166X   23059.58334491 -.00967770  00000+0 -64000+0 0  9993
2 54663  87.1944 125.7091 0010618 341.7918 302.3344 14.04767504  1304
ONEWEB-0597             
1 54663U 22166X   23059.91667824 -.01024330  00000+0 -68807+0 0  9995
2 54663  87.2012 125.6064 0010641 342.0549 186.3422 14.04084107  1308
ONEWEB-0597             
1 54663U 22166X   23060.25001157 -.01040481  00000+0 -70827+0 0  9995
2 54663  87.2079 125.5032 0010710 339.6279  72.1848 14.03395159 12772
ONEWEB-0597             
1 54663U 22166X   23061.00001157 -.00976966  00000+0 -68225+0 0  9993
2 54663  87.2226 125.2730 0010377 337.8515 258.5847 14.01755805  1302
ONEWEB-0597             
1 54663U 22166X   23061.25001157 -.01042655  00000+0 -73728+0 0  9994
2 54663  87.2276 125.1961 0010613 336.4540  80.5441 14.01269667 12916
ONEWEB-0597             
1 54663U 22166X   23061.83334491 -.01031576  00000+0 -74527+0 0  9996
2 54663  87.2388 125.0187 0010512 335.5671 140.9313 14.00024867 12999
ONEWEB-0597             
1 54663U 22166X   23061.83334491 -.01031576  00000+0 -74527+0 0  9996
2 54663  87.2388 125.0187 0010512 335.5671 140.9313 14.00024867  1302
ONEWEB-0597             
1 54663U 22166X   23062.50001157 -.00953279  00000+0 -70311+0 0  9990
2 54663  87.2525 124.8162 0010318 332.8410 259.9429 13.98597448 13094
ONEWEB-0597             
1 54663U 22166X   23062.58334491 -.00949295  00000+0 -70211+0 0  9990
2 54663  87.2539 124.7911 0010352 331.8151 320.2656 13.98427607  1303
ONEWEB-0597             
1 54663U 22166X   23062.91667824 -.00996361  00000+0 -74777+0 0  9993
2 54663  87.2606 124.6917 0010327 332.0488 196.7149 13.97754567  1301
