ONEWEB-0120             
1 47266U 20100J   23059.46117564  .00000462  00000+0  12489-2 0  9998
2 47266  87.8903 230.0021 0001735 101.2285 258.9039 13.12439195106703
ONEWEB-0120             
1 47266U 20100J   23059.53741350  .00000457  00000+0  12340-2 0  9992
2 47266  87.8903 229.9869 0001737 101.3085 258.8239 13.12438628106713
ONEWEB-0120             
1 47266U 20100J   23059.91860020  .00000458  00000+0  12389-2 0  9994
2 47266  87.8904 229.9111 0001751 101.4337 258.6988 13.12439359106767
ONEWEB-0120             
1 47266U 20100J   23060.75720986  .00000586  00000+0  15926-2 0  9996
2 47266  87.8905 229.7442 0001789 101.1051 259.0278 13.12440650106879
ONEWEB-0120             
1 47266U 20100J   23060.90968622  .00000324  00000+0  86425-3 0  9997
2 47266  87.8907 229.7139 0001763 101.3873 258.7454 13.12439272106892
ONEWEB-0120             
1 47266U 20100J   23061.82453274  .00000329  00000+0  87974-3 0  9996
2 47266  87.8912 229.5320 0001748 100.9981 259.1345 13.12440170107014
ONEWEB-0120             
1 47266U 20100J   23062.43443078  .00000206  00000+0  53618-3 0  9997
2 47266  87.8914 229.4106 0001731 100.6695 259.4629 13.12439928107093
ONEWEB-0120             
1 47266U 20100J   23062.89185368  .00000040  00000+0  76623-4 0  9990
2 47266  87.8915 229.3196 0001735 100.9654 259.1670 13.12440690107152
ONEWEB-0120             
1 47266U 20100J   23062.96809064  .00000011  00000+0 -51740-5 0  9997
2 47266  87.8916 229.3045 0001731 100.9417 259.1906 13.12441037107168
