ONEWEB-0713             
1 55175U 23004AM  23059.58334491 -.01375096  00000+0 -49185+0 0  9996
2 55175  86.9076 265.2989 0011408  59.6774 147.1551 14.37380157  1301
ONEWEB-0713             
1 55175U 23004AM  23059.75001157 -.01404620  00000+0 -50788+0 0  9992
2 55175  86.9089 265.2380 0011147  58.1259 290.4344 14.36907755  7443
ONEWEB-0713             
1 55175U 23004AM  23059.91667824 -.01308121  00000+0 -48099+0 0  9990
2 55175  86.9102 265.1779 0011528  57.5285  72.4814 14.36381804  1305
ONEWEB-0713             
1 55175U 23004AM  23060.58334491 -.01359106  00000+0 -52015+0 0  9998
2 55175  86.9154 264.9395 0011193  56.6949 276.1634 14.34499294  7566
ONEWEB-0713             
1 55175U 23004AM  23060.91667824 -.01311021  00000+0 -51028+0 0  9991
2 55175  86.9181 264.8192 0011340  56.0925 196.4935 14.33503258  1301
ONEWEB-0713             
1 55175U 23004AM  23061.83334491 -.01345660  00000+0 -55225+0 0  9993
2 55175  86.9250 264.4929 0011144  53.5374 242.3275 14.30889348  1306
ONEWEB-0713             
1 55175U 23004AM  23062.58334491 -.01361397  00000+0 -58264+0 0  9997
2 55175  86.9306 264.2283 0011374  51.9697 141.9495 14.28766700  1305
ONEWEB-0713             
1 55175U 23004AM  23062.58334491 -.01361397  00000+0 -58264+0 0  9997
2 55175  86.9306 264.2283 0011374  51.9697 141.9495 14.28766700  7840
ONEWEB-0713             
1 55175U 23004AM  23062.91667824 -.01307064  00000+0 -56845+0 0  9997
2 55175  86.9330 264.1098 0011486  49.9077  56.8720 14.27778252  1307
