ONEWEB-0036             
1 45144U 20008P   23059.53514289 -.00000386  00000+0 -11426-2 0  9998
2 45144  87.8757 275.5956 0001733  85.6904 274.4422 13.10367836150602
ONEWEB-0036             
1 45144U 20008P   23059.84057450 -.00000230  00000+0 -69584-3 0  9991
2 45144  87.8756 275.5346 0001736  85.7173 274.4153 13.10367385151506
ONEWEB-0036             
1 45144U 20008P   23060.83322753 -.00000011  00000+0 -68095-4 0  9997
2 45144  87.8755 275.3365 0001755  85.5504 274.5824 13.10367446150773
ONEWEB-0036             
1 45144U 20008P   23061.13865978 -.00000027  00000+0 -11480-3 0  9994
2 45144  87.8756 275.2756 0001733  85.1060 275.0265 13.10367302151672
ONEWEB-0036             
1 45144U 20008P   23061.82588157  .00000095  00000+0  23480-3 0  9997
2 45144  87.8756 275.1384 0001727  84.9525 275.1799 13.10367144150906
ONEWEB-0036             
1 45144U 20008P   23062.13131265  .00000282  00000+0  77021-3 0  9994
2 45144  87.8755 275.0772 0001731  85.4046 274.7279 13.10367835150943
ONEWEB-0036             
1 45144U 20008P   23062.81853458  .00000319  00000+0  87769-3 0  9995
2 45144  87.8754 274.9399 0001719  85.2217 274.9107 13.10367590151030
ONEWEB-0036             
1 45144U 20008P   23062.81853458  .00000319  00000+0  87769-3 0  9995
2 45144  87.8754 274.9399 0001719  85.2217 274.9107 13.10367590151894
