ONEWEB-0236             
1 48797U 21045AG  23059.27590521  .00000164  00000+0  40268-3 0  9990
2 48797  87.9086 139.0966 0001793 107.4274 252.7053 13.15548579 85830
ONEWEB-0236             
1 48797U 21045AG  23059.27590521  .00000164  00000+0  40268-3 0  9990
2 48797  87.9086 139.0966 0001793 107.4274 252.7053 13.15548579 86954
ONEWEB-0236             
1 48797U 21045AG  23059.73224949  .00000103  00000+0  23896-3 0  9990
2 48797  87.9086 139.0062 0001760 107.5167 252.6156 13.15548128 85892
ONEWEB-0236             
1 48797U 21045AG  23060.26465037  .00000037  00000+0  63348-4 0  9998
2 48797  87.9085 138.9004 0001780 107.9938 252.1386 13.15548474 85969
ONEWEB-0236             
1 48797U 21045AG  23060.94916616  .00000018  00000+0  13369-4 0  9994
2 48797  87.9084 138.7647 0001795 108.0345 252.0981 13.15548197 87176
ONEWEB-0236             
1 48797U 21045AG  23061.63368182 -.00000041  00000+0 -14192-3 0  9992
2 48797  87.9083 138.6288 0001799 108.0982 252.0345 13.15548357 86144
ONEWEB-0236             
1 48797U 21045AG  23062.24213993 -.00000049  00000+0 -16393-3 0  9992
2 48797  87.9082 138.5079 0001825 108.2003 251.9326 13.15548804 86229
ONEWEB-0236             
1 48797U 21045AG  23062.24213993 -.00000049  00000+0 -16393-3 0  9992
2 48797  87.9082 138.5079 0001825 108.2003 251.9326 13.15548804 87343
ONEWEB-0236             
1 48797U 21045AG  23062.62242658 -.00000044  00000+0 -14962-3 0  9999
2 48797  87.9082 138.4325 0001833 108.0468 252.0862 13.15548694 86273
