ONEWEB-0161             
1 48053U 21025M   23059.11356774 -.00000187  00000+0 -54659-3 0  9992
2 48053  87.9083 199.7135 0001740 109.7997 250.3320 13.13472976 95323
ONEWEB-0161             
1 48053U 21025M   23059.41827815 -.00000249  00000+0 -71784-3 0  9991
2 48053  87.9079 199.6532 0001776 109.4185 250.7136 13.13472152 95351
ONEWEB-0161             
1 48053U 21025M   23059.87534279 -.00000287  00000+0 -82043-3 0  9992
2 48053  87.9079 199.5623 0001779 109.4053 250.7269 13.13472253 95414
ONEWEB-0161             
1 48053U 21025M   23060.40858444 -.00000228  00000+0 -65947-3 0  9995
2 48053  87.9080 199.4571 0001787 108.8493 251.2830 13.13472609 95490
ONEWEB-0161             
1 48053U 21025M   23060.86565008 -.00000294  00000+0 -83888-3 0  9993
2 48053  87.9082 199.3668 0001795 108.8329 251.2995 13.13471880 95543
ONEWEB-0161             
1 48053U 21025M   23061.70360243 -.00000129  00000+0 -38776-3 0  9994
2 48053  87.9084 199.2012 0001787 108.3683 251.7641 13.13472006 95652
ONEWEB-0161             
1 48053U 21025M   23061.70360243 -.00000129  00000+0 -38776-3 0  9994
2 48053  87.9084 199.2012 0001787 108.3683 251.7641 13.13472006 95663
ONEWEB-0161             
1 48053U 21025M   23062.46537800 -.00000103  00000+0 -31696-3 0  9999
2 48053  87.9086 199.0508 0001790 108.2331 251.8993 13.13472268 95757
ONEWEB-0161             
1 48053U 21025M   23062.84626649 -.00000082  00000+0 -26028-3 0  9990
2 48053  87.9087 198.9755 0001781 107.8103 252.3220 13.13471706 95803
