ONEWEB-0593             
1 54659U 22166T   23059.58334491 -.00945341  00000+0 -60641+0 0  9995
2 54659  87.1961 125.6774 0009750 335.3646  26.4215 14.06388398  1311
ONEWEB-0593             
1 54659U 22166T   23059.66667824 -.00975797  00000+0 -62881+0 0  9999
2 54659  87.1979 125.6517 0009798 335.5126  87.8996 14.06235955 12692
ONEWEB-0593             
1 54659U 22166T   23059.91667824 -.01006594  00000+0 -65591+0 0  9999
2 54659  87.2031 125.5749 0009437 335.2613 272.7499 14.05722728  1303
ONEWEB-0593             
1 54659U 22166T   23060.25001157 -.01020777  00000+0 -67385+0 0  9991
2 54659  87.2096 125.4712 0009600 334.0255 159.3734 14.05047023 12777
ONEWEB-0593             
1 54659U 22166T   23060.91667824 -.01003372  00000+0 -67858+0 0  9990
2 54659  87.2233 125.2661 0009277 331.8465 289.8734 14.03642962 12870
ONEWEB-0593             
1 54659U 22166T   23061.00001157 -.00953411  00000+0 -64517+0 0  9998
2 54659  87.2248 125.2404 0009377 330.8029 351.7301 14.03444732  1307
ONEWEB-0593             
1 54659U 22166T   23061.83334491 -.01033825  00000+0 -72439+0 0  9990
2 54659  87.2418 124.9856 0009189 329.3627 238.3552 14.01760467  1303
ONEWEB-0593             
1 54659U 22166T   23061.83334491 -.01033825  00000+0 -72439+0 0  9990
2 54659  87.2418 124.9856 0009189 329.3627 238.3552 14.01760467 13003
ONEWEB-0593             
1 54659U 22166T   23062.50001157 -.00953084  00000+0 -68176+0 0  9995
2 54659  87.2549 124.7827 0009221 325.7124   2.4485 14.00331517 13096
ONEWEB-0593             
1 54659U 22166T   23062.58334491 -.00948066  00000+0 -68002+0 0  9995
2 54659  87.2565 124.7574 0009335 325.9747  62.0025 14.00160996  1306
ONEWEB-0593             
1 54659U 22166T   23062.91667824 -.00996604  00000+0 -72549+0 0  9993
2 54659  87.2633 124.6582 0008974 325.1913 301.5464 13.99488085  1302
