ONEWEB-0216             
1 48801U 21045AL  23059.29070188  .00000211  00000+0  52703-3 0  9990
2 48801  87.9087 139.1327 0001618  92.7017 267.4299 13.15549222 85882
ONEWEB-0216             
1 48801U 21045AL  23059.29070188  .00000211  00000+0  52703-3 0  9990
2 48801  87.9087 139.1327 0001618  92.7017 267.4299 13.15549222 87008
ONEWEB-0216             
1 48801U 21045AL  23059.74704633  .00000140  00000+0  33749-3 0  9999
2 48801  87.9088 139.0422 0001664  89.0862 271.0459 13.15549294 85941
ONEWEB-0216             
1 48801U 21045AL  23060.27945026  .00002996  00000+0  79230-2 0  9997
2 48801  87.9087 138.9366 0001546  93.4392 266.6915 13.15536461 87133
ONEWEB-0216             
1 48801U 21045AL  23060.58368153  .00003461  00000+0  91579-2 0  9999
2 48801  87.9087 138.8762 0002278  98.0895 262.0493 13.15532546 86055
ONEWEB-0216             
1 48801U 21045AL  23061.64847662  .00000110  00000+0  25745-3 0  9995
2 48801  87.9086 138.6652 0001592  93.4010 266.7302 13.15549925 86190
ONEWEB-0216             
1 48801U 21045AL  23061.64847662  .00000110  00000+0  25745-3 0  9995
2 48801  87.9086 138.6652 0001592  93.4010 266.7302 13.15549925 87315
ONEWEB-0216             
1 48801U 21045AL  23062.25693460  .00000007  00000+0 -15195-4 0  9993
2 48801  87.9085 138.5445 0001596  93.3817 266.7496 13.15549785 86273
ONEWEB-0216             
1 48801U 21045AL  23062.63722012  .00000064  00000+0  13516-3 0  9997
2 48801  87.9084 138.4692 0001593  93.3778 266.7535 13.15550192 86322
