ONEWEB-0048             
1 45153U 20008Y   23059.52736037  .00000042  00000+0  83069-4 0  9995
2 45153  87.8751 275.6400 0001779  81.0511 279.0817 13.10371309150042
ONEWEB-0048             
1 45153U 20008Y   23059.83279180  .00000084  00000+0  20509-3 0  9995
2 45153  87.8750 275.5794 0001758  79.4248 280.7077 13.10370867150844
ONEWEB-0048             
1 45153U 20008Y   23060.82544194  .00000335  00000+0  92267-3 0  9995
2 45153  87.8752 275.3813 0001799  79.6038 280.5292 13.10371286150214
ONEWEB-0048             
1 45153U 20008Y   23061.13087246  .00000445  00000+0  12373-2 0  9991
2 45153  87.8752 275.3205 0001784  78.3489 281.7838 13.10371688151013
ONEWEB-0048             
1 45153U 20008Y   23061.81809138  .00000509  00000+0  14211-2 0  9992
2 45153  87.8752 275.1834 0001785  77.2787 282.8540 13.10372244150345
ONEWEB-0048             
1 45153U 20008Y   23062.12352186  .00000575  00000+0  16115-2 0  9991
2 45153  87.8751 275.1224 0001794  77.1112 283.0216 13.10372501150381
ONEWEB-0048             
1 45153U 20008Y   23062.81073967  .00000629  00000+0  17665-2 0  9995
2 45153  87.8752 274.9852 0001762  76.6117 283.5206 13.10373537151239
ONEWEB-0048             
1 45153U 20008Y   23062.88709719  .00000638  00000+0  17907-2 0  9992
2 45153  87.8752 274.9699 0001761  76.6087 283.5236 13.10373618150482
