ONEWEB-0506             
1 54124U 22138M   23059.29466971  .00000044  00000+0  76609-4 0  9994
2 54124  87.9286 184.5754 0001332  94.4743 265.6542 13.19725453 18753
ONEWEB-0506             
1 54124U 22138M   23059.37048644  .00000044  00000+0  76493-4 0  9997
2 54124  87.9286 184.5604 0001334  94.5621 265.5664 13.19725558 17899
ONEWEB-0506             
1 54124U 22138M   23059.90120479  .00000041  00000+0  69488-4 0  9996
2 54124  87.9284 184.4554 0001334  95.0540 265.0745 13.19724672 17965
ONEWEB-0506             
1 54124U 22138M   23060.35610439  .00000088  00000+0  18765-3 0  9999
2 54124  87.9284 184.3655 0001342  95.1360 264.9926 13.19726089 18892
ONEWEB-0506             
1 54124U 22138M   23060.88682275  .00000050  00000+0  91611-4 0  9995
2 54124  87.9285 184.2604 0001323  95.3590 264.7694 13.19724951 18090
ONEWEB-0506             
1 54124U 22138M   23061.79662368  .00000019  00000+0  14232-4 0  9996
2 54124  87.9283 184.0802 0001300  94.1262 266.0020 13.19725389 18212
ONEWEB-0506             
1 54124U 22138M   23062.40315693  .00000069  00000+0  14064-3 0  9998
2 54124  87.9286 183.9604 0001284  95.8898 264.2381 13.19726390 18298
ONEWEB-0506             
1 54124U 22138M   23062.40315693  .00000069  00000+0  14064-3 0  9998
2 54124  87.9286 183.9604 0001284  95.8898 264.2381 13.19726390 19165
ONEWEB-0506             
1 54124U 22138M   23062.85805877 -.00000074  00000+0 -21675-3 0  9999
2 54124  87.9288 183.8704 0001265  96.4786 263.6491 13.19725415 18351
