ONEWEB-0588             
1 55153U 23004P   23059.53629787  .00001066  00000+0  19193-3 0  9992
2 55153  86.6206 264.2381 0010403  60.8291 299.3962 14.65632561  7476
ONEWEB-0588             
1 55153U 23004P   23059.60457222  .00001065  00000+0  19168-3 0  9994
2 55153  86.6206 264.2099 0010399  60.6356 299.5895 14.65632775  7481
ONEWEB-0588             
1 55153U 23004P   23059.87766978  .00001061  00000+0  19095-3 0  9999
2 55153  86.6207 264.0974 0010377  59.8747 300.3494 14.65633055  7525
ONEWEB-0588             
1 55153U 23004P   23060.83352487 -.00001157  00000+0 -21742-3 0  9993
2 55153  86.6206 263.7033 0010333  57.7643 302.4571 14.65619113  7663
ONEWEB-0588             
1 55153U 23004P   23060.90181434 -.00003198  00000+0 -59400-3 0  9992
2 55153  86.6207 263.6752 0010189  56.6404 303.5783 14.65602918  7676
ONEWEB-0588             
1 55153U 23004P   23061.78940040 -.00003048  00000+0 -56638-3 0  9999
2 55153  86.6206 263.3093 0010103  54.0749 306.1400 14.65599568  7806
ONEWEB-0588             
1 55153U 23004P   23062.54043778 -.00002696  00000+0 -50139-3 0  9994
2 55153  86.6205 262.9996 0010048  51.9491 308.2628 14.65597005  7911
ONEWEB-0588             
1 55153U 23004P   23062.95006091  .00001903  00000+0  34601-3 0  9990
2 55153  86.6206 262.8306 0010120  51.1257 309.0858 14.65629613  7970
