ONEWEB-0436             
1 51633U 22012M   23059.55868330  .00000070  00000+0  14776-3 0  9996
2 51633  87.9111 245.1700 0001268  85.9971 274.1306 13.17328904 55047
ONEWEB-0436             
1 51633U 22012M   23059.55868330  .00000070  00000+0  14776-3 0  9996
2 51633  87.9111 245.1700 0001268  85.9971 274.1306 13.17328904 56330
ONEWEB-0436             
1 51633U 22012M   23059.78654705  .00000076  00000+0  16365-3 0  9992
2 51633  87.9111 245.1248 0001282  86.4677 273.6601 13.17328965 55071
ONEWEB-0436             
1 51633U 22012M   23060.77396210 -.00000431  00000+0 -11495-2 0  9992
2 51633  87.9111 244.9285 0001306  87.9587 272.1694 13.17325127 55200
ONEWEB-0436             
1 51633U 22012M   23060.77396210 -.00000431  00000+0 -11495-2 0  9992
2 51633  87.9111 244.9285 0001306  87.9587 272.1694 13.17325127 56492
ONEWEB-0436             
1 51633U 22012M   23061.76137676 -.00000471  00000+0 -12531-2 0  9997
2 51633  87.9112 244.7322 0001275  89.6563 270.4714 13.17324080 55334
ONEWEB-0436             
1 51633U 22012M   23062.21710731 -.00000557  00000+0 -14747-2 0  9993
2 51633  87.9115 244.6416 0001263  90.4333 269.6943 13.17323458 56683
ONEWEB-0436             
1 51633U 22012M   23062.44497220 -.00000354  00000+0 -95006-3 0  9996
2 51633  87.9117 244.5962 0001235  90.8002 269.3270 13.17322750 55421
ONEWEB-0436             
1 51633U 22012M   23062.74879303  .00000034  00000+0  54986-4 0  9991
2 51633  87.9117 244.5360 0001246  91.9705 268.1569 13.17320678 55466
