ONEWEB-0356             
1 49283U 21090E   23059.24329677  .00000006  00000+0 -16586-4 0  9993
2 49283  87.9334 154.2680 0002653  88.1137 272.0300 13.20772302 72068
ONEWEB-0356             
1 49283U 21090E   23059.31905376 -.00000066  00000+0 -19399-3 0  9998
2 49283  87.9334 154.2530 0002652  88.0287 272.1150 13.20772235 70782
ONEWEB-0356             
1 49283U 21090E   23059.77359475 -.00000016  00000+0 -70848-4 0  9993
2 49283  87.9334 154.1631 0002642  87.6511 272.4925 13.20771874 70845
ONEWEB-0356             
1 49283U 21090E   23060.30389156 -.00000019  00000+0 -79405-4 0  9994
2 49283  87.9334 154.0582 0002645  87.1677 272.9759 13.20772752 70914
ONEWEB-0356             
1 49283U 21090E   23060.30389156 -.00000019  00000+0 -79405-4 0  9994
2 49283  87.9334 154.0582 0002645  87.1677 272.9759 13.20772752 72208
ONEWEB-0356             
1 49283U 21090E   23061.81902848 -.00000073  00000+0 -21211-3 0  9991
2 49283  87.9333 153.7582 0002570  86.1282 274.0145 13.20771470 71118
ONEWEB-0356             
1 49283U 21090E   23062.27356717  .00000158  00000+0  35620-3 0  9991
2 49283  87.9329 153.6681 0002576  86.0575 274.0853 13.20772839 71174
ONEWEB-0356             
1 49283U 21090E   23062.27356717  .00000158  00000+0  35620-3 0  9991
2 49283  87.9329 153.6681 0002576  86.0575 274.0853 13.20772839 72467
