ONEWEB-0560             
1 55145U 23004F   23059.58334491 -.00008670  00000+0 -15993-2 0  9996
2 55145  86.6245 264.1070 0016279  57.5328 214.9219 14.65683282  1305
ONEWEB-0560             
1 55145U 23004F   23059.75001157 -.00041128  00000+0 -76057-2 0  9998
2 55145  86.6245 264.0376 0016247  56.7493  14.5395 14.65689835  7510
ONEWEB-0560             
1 55145U 23004F   23059.91667824  .00053288  00000+0  97167-2 0  9998
2 55145  86.6245 263.9687 0016294  56.1514 173.9806 14.65642984  1305
ONEWEB-0560             
1 55145U 23004F   23060.14617858  .00001083  00000+0  19467-3 0  9991
2 55145  86.6242 263.8750 0016227  55.2606 305.0133 14.65670946  7575
ONEWEB-0560             
1 55145U 23004F   23060.89717631  .00001099  00000+0  19749-3 0  9993
2 55145  86.6242 263.5657 0016177  52.9881 307.2810 14.65672582  7687
ONEWEB-0560             
1 55145U 23004F   23061.78471774  .00001109  00000+0  19932-3 0  9993
2 55145  86.6242 263.2001 0016101  50.2429 310.0200 14.65675024  7817
ONEWEB-0560             
1 55145U 23004F   23062.53571268  .00001230  00000+0  22162-3 0  9990
2 55145  86.6241 262.8907 0016040  47.9480 312.3095 14.65677775  7922
ONEWEB-0560             
1 55145U 23004F   23062.87707370  .00001282  00000+0  23116-3 0  9999
2 55145  86.6241 262.7501 0016011  46.8953 313.3597 14.65679024  7974
