ONEWEB-0038             
1 45145U 20008Q   23059.58284350 -.00000517  00000+0 -14959-2 0  9997
2 45145  87.8808 260.3604 0001022  54.6615 305.4609 13.11415956152442
ONEWEB-0038             
1 45145U 20008Q   23059.81173374 -.00000498  00000+0 -14403-2 0  9998
2 45145  87.8808 260.3147 0001019  55.0744 305.0480 13.11415968152477
ONEWEB-0038             
1 45145U 20008Q   23060.11692101 -.00000466  00000+0 -13504-2 0  9993
2 45145  87.8810 260.2540 0001006  55.4014 304.7209 13.11415689153304
ONEWEB-0038             
1 45145U 20008Q   23060.80359243 -.00000381  00000+0 -11108-2 0  9990
2 45145  87.8811 260.1170 0000991  57.4639 302.6585 13.11415625152606
ONEWEB-0038             
1 45145U 20008Q   23061.79545308 -.00000343  00000+0 -10036-2 0  9995
2 45145  87.8810 259.9191 0000928  57.5672 302.5546 13.11414758152738
ONEWEB-0038             
1 45145U 20008Q   23061.79545308 -.00000343  00000+0 -10036-2 0  9995
2 45145  87.8810 259.9191 0000928  57.5672 302.5546 13.11414758153526
ONEWEB-0038             
1 45145U 20008Q   23062.48212605 -.00000217  00000+0 -64740-3 0  9995
2 45145  87.8809 259.7821 0000906  58.9966 301.1250 13.11414355152821
