ONEWEB-0182             
1 48228U 21031U   23059.00742495  .00000024  00000+0  30944-4 0  9990
2 48228  87.9131 169.4995 0001940 109.4611 250.6728 13.14504991 90112
ONEWEB-0182             
1 48228U 21031U   23059.31189649  .00000023  00000+0  26330-4 0  9993
2 48228  87.9131 169.4394 0001958 109.6566 250.4775 13.14504435 90141
ONEWEB-0182             
1 48228U 21031U   23059.84472172 -.00000078  00000+0 -24556-3 0  9996
2 48228  87.9131 169.3342 0001976 109.2084 250.9260 13.14504071 90212
ONEWEB-0182             
1 48228U 21031U   23060.37754478  .00000147  00000+0  36213-3 0  9996
2 48228  87.9133 169.2291 0001996 109.2869 250.8477 13.14505009 90298
ONEWEB-0182             
1 48228U 21031U   23060.83425183  .00000155  00000+0  38234-3 0  9999
2 48228  87.9132 169.1389 0001989 109.0966 251.0379 13.14504394 90348
ONEWEB-0182             
1 48228U 21031U   23061.82378234  .00000192  00000+0  48375-3 0  9991
2 48228  87.9132 168.9434 0001997 108.0554 252.0793 13.14504354 90478
ONEWEB-0182             
1 48228U 21031U   23061.82378234  .00000192  00000+0  48375-3 0  9991
2 48228  87.9132 168.9434 0001997 108.0554 252.0793 13.14504354 90489
ONEWEB-0182             
1 48228U 21031U   23062.35660466  .00000328  00000+0  85117-3 0  9997
2 48228  87.9131 168.8381 0002025 107.8641 252.2710 13.14505698 90545
