ONEWEB-0542             
1 54646U 22166E   23059.58334491 -.01011248  00000+0 -68848+0 0  9999
2 54646  87.1929 125.7145 0012227 340.0226 353.3502 14.03281049  1306
ONEWEB-0542             
1 54646U 22166E   23059.91667824 -.01065762  00000+0 -73732+0 0  9993
2 54646  87.1995 125.6124 0012081 340.2228 235.6224 14.02565163  1301
ONEWEB-0542             
1 54646U 22166E   23060.25001157 -.01094924  00000+0 -76854+0 0  9993
2 54646  87.2048 125.5093 0012260 338.7141 118.7056 14.01848638 12777
ONEWEB-0542             
1 54646U 22166E   23060.58334491 -.00478982  00000+0 -33530+0 0  9992
2 54646  87.2101 125.4059 0012147 337.5669   0.5760 14.00961073 12828
ONEWEB-0542             
1 54646U 22166E   23060.91667824 -.01063833  00000+0 -76130+0 0  9997
2 54646  87.2158 125.3047 0011958 336.9208 241.1522 14.00659697 12866
ONEWEB-0542             
1 54646U 22166E   23061.00001157 -.01021949  00000+0 -73222+0 0  9990
2 54646  87.2172 125.2794 0011910 335.9900 301.9986 14.00452740  1302
ONEWEB-0542             
1 54646U 22166E   23061.83334491 -.01101975  00000+0 -81898+0 0  9997
2 54646  87.2328 125.0249 0011986 334.2722 179.7517 13.98649773  1306
ONEWEB-0542             
1 54646U 22166E   23062.41667824 -.01065966  00000+0 -80908+0 0  9991
2 54646  87.2439 124.8477 0011870 331.5748 236.3992 13.97335840 13079
ONEWEB-0542             
1 54646U 22166E   23062.58334491 -.01012588  00000+0 -77148+0 0  9994
2 54646  87.2470 124.7974 0011961 330.1957 355.5522 13.96943691  1307
ONEWEB-0542             
1 54646U 22166E   23062.91667824 -.01056832  00000+0 -81756+0 0  9990
2 54646  87.2533 124.6981 0011820 330.2690 230.3562 13.96222240  1307
