ONEWEB-0050             
1 45453U 20020AF  23059.08772046  .00014970  00000+0  12037-2 0  9993
2 45453  87.5433 160.1897 0025308   3.9969 356.1462 14.99657503160541
ONEWEB-0050             
1 45453U 20020AF  23059.48808047  .00012086  00000+0  97152-3 0  9996
2 45453  87.5434 160.0632 0025230   2.5392 357.5964 14.99666177160603
ONEWEB-0050             
1 45453U 20020AF  23059.75498593  .00010652  00000+0  85601-3 0  9990
2 45453  87.5434 159.9788 0025177   1.5702 358.5606 14.99671937160644
ONEWEB-0050             
1 45453U 20020AF  23060.22206725  .00010771  00000+0  86539-3 0  9991
2 45453  87.5436 159.8311 0025072 359.8591   0.2631 14.99683802160717
ONEWEB-0050             
1 45453U 20020AF  23060.82259744  .00007988  00000+0  64132-3 0  9997
2 45453  87.5437 159.6414 0024954 357.6153   2.4957 14.99691999160809
ONEWEB-0050             
1 45453U 20020AF  23061.28967346  .00008002  00000+0  64237-3 0  9996
2 45453  87.5438 159.4937 0024845 355.8815   4.2210 14.99699893160872
ONEWEB-0050             
1 45453U 20020AF  23062.29054124  .00010682  00000+0  85758-3 0  9997
2 45453  87.5438 159.1770 0024590 352.0996   7.9846 14.99722427161023
ONEWEB-0050             
1 45453U 20020AF  23062.82433199  .00011001  00000+0  88304-3 0  9995
2 45453  87.5437 159.0080 0024503 350.1350   9.9399 14.99733502161102
