ONEWEB-0499             
1 54117U 22138E   23059.40418446  .00000006  00000+0 -18013-4 0  9997
2 54117  87.9502 184.5558 0001877  82.2069 277.9276 13.19728287 17913
ONEWEB-0499             
1 54117U 22138E   23059.40418446  .00000006  00000+0 -18013-4 0  9997
2 54117  87.9502 184.5558 0001877  82.2069 277.9276 13.19728287 18789
ONEWEB-0499             
1 54117U 22138E   23059.85908481  .00000023  00000+0  24652-4 0  9993
2 54117  87.9502 184.4668 0001867  82.3053 277.8292 13.19727844 17978
ONEWEB-0499             
1 54117U 22138E   23060.84470150 -.00000003  00000+0 -39047-4 0  9995
2 54117  87.9505 184.2736 0001857  83.3710 276.7634 13.19727902 18104
ONEWEB-0499             
1 54117U 22138E   23061.07215154  .00000078  00000+0  16208-3 0  9995
2 54117  87.9505 184.2290 0001849  83.3924 276.7419 13.19727622 19007
ONEWEB-0499             
1 54117U 22138E   23061.83031790  .00000050  00000+0  92679-4 0  9998
2 54117  87.9505 184.0805 0001828  83.5624 276.5717 13.19728135 18236
ONEWEB-0499             
1 54117U 22138E   23062.36103371  .00000096  00000+0  20725-3 0  9994
2 54117  87.9507 183.9768 0001820  82.6186 277.5153 13.19728884 18303
ONEWEB-0499             
1 54117U 22138E   23062.36103371  .00000096  00000+0  20725-3 0  9994
2 54117  87.9507 183.9768 0001820  82.6186 277.5153 13.19728884 19179
ONEWEB-0499             
1 54117U 22138E   23062.89174891  .00000267  00000+0  63505-3 0  9990
2 54117  87.9495 183.8717 0001832  81.6244 278.5097 13.19729528 18370
