ONEWEB-0165             
1 48233U 21031Z   23059.02857472 -.00000117  00000+0 -35062-3 0  9990
2 48233  87.9136 169.4596 0001894 116.7001 243.4322 13.14503241 90030
ONEWEB-0165             
1 48233U 21031Z   23059.33304551 -.00000180  00000+0 -52010-3 0  9991
2 48233  87.9134 169.3993 0001935 116.1274 244.0055 13.14503771 90072
ONEWEB-0165             
1 48233U 21031Z   23059.86587087 -.00000315  00000+0 -88497-3 0  9994
2 48233  87.9131 169.2935 0001939 115.8947 244.2383 13.14502853 90145
ONEWEB-0165             
1 48233U 21031Z   23060.32257657 -.00000128  00000+0 -38097-3 0  9997
2 48233  87.9130 169.2035 0001928 114.9675 245.1655 13.14503407 90206
ONEWEB-0165             
1 48233U 21031Z   23060.85540133 -.00000144  00000+0 -42299-3 0  9996
2 48233  87.9129 169.0980 0001929 114.5529 245.5802 13.14503270 90279
ONEWEB-0165             
1 48233U 21031Z   23061.76881579 -.00000077  00000+0 -24120-3 0  9997
2 48233  87.9128 168.9180 0001965 113.7289 246.4047 13.14502482 90390
ONEWEB-0165             
1 48233U 21031Z   23062.37775682  .00000095  00000+0  22214-3 0  9992
2 48233  87.9130 168.7977 0001978 113.7534 246.3803 13.14504221 90473
ONEWEB-0165             
1 48233U 21031Z   23062.83446546 -.00000043  00000+0 -15054-3 0  9996
2 48233  87.9130 168.7075 0001947 113.5744 246.5590 13.14502809 90531
ONEWEB-0165             
1 48233U 21031Z   23062.98670277  .00007369  00000+0  19836-1 0  9998
2 48233  87.9129 168.6775 0001867 118.8378 241.2940 13.14467734 90557
