ONEWEB-0386             
1 49312U 21090AK  23059.24751076 -.00000027  00000+0 -99304-4 0  9991
2 49312  87.9337 154.2686 0001926  91.5727 268.5626 13.20769654 72073
ONEWEB-0386             
1 49312U 21090AK  23059.32326777 -.00000041  00000+0 -13193-3 0  9993
2 49312  87.9336 154.2536 0001928  91.5578 268.5776 13.20769579 70779
ONEWEB-0386             
1 49312U 21090AK  23059.77780956 -.00000072  00000+0 -20810-3 0  9993
2 49312  87.9336 154.1638 0001930  91.5916 268.5438 13.20769541 70831
ONEWEB-0386             
1 49312U 21090AK  23060.30810759 -.00000055  00000+0 -16601-3 0  9993
2 49312  87.9337 154.0589 0001922  91.4670 268.6684 13.20769892 70904
ONEWEB-0386             
1 49312U 21090AK  23060.30810759 -.00000055  00000+0 -16601-3 0  9993
2 49312  87.9337 154.0589 0001922  91.4670 268.6684 13.20769892 72210
ONEWEB-0386             
1 49312U 21090AK  23061.82324812 -.00000139  00000+0 -37340-3 0  9997
2 49312  87.9335 153.7589 0001894  92.2371 267.8980 13.20767976 71107
ONEWEB-0386             
1 49312U 21090AK  23062.27778676  .00000123  00000+0  27172-3 0  9991
2 49312  87.9331 153.6687 0001914  92.8495 267.2858 13.20770356 71167
ONEWEB-0386             
1 49312U 21090AK  23062.27778676  .00000123  00000+0  27172-3 0  9991
2 49312  87.9331 153.6687 0001914  92.8495 267.2858 13.20770356 72472
