ONEWEB-0140             
1 47286U 20100AE  23059.49822977 -.00000413  00000+0 -11833-2 0  9994
2 47286  87.8939 229.9496 0001452 103.7344 256.3946 13.12443373106674
ONEWEB-0140             
1 47286U 20100AE  23059.87941529 -.00000367  00000+0 -10542-2 0  9995
2 47286  87.8939 229.8738 0001460 104.0606 256.0685 13.12443236106727
ONEWEB-0140             
1 47286U 20100AE  23060.87049940 -.00000434  00000+0 -12410-2 0  9994
2 47286  87.8940 229.6768 0001455 104.9458 255.1831 13.12442461106854
ONEWEB-0140             
1 47286U 20100AE  23060.94673621 -.00000382  00000+0 -10973-2 0  9995
2 47286  87.8940 229.6617 0001457 104.9309 255.1981 13.12442851106853
ONEWEB-0140             
1 47286U 20100AE  23061.70910881 -.00000218  00000+0 -64186-3 0  9996
2 47286  87.8942 229.5104 0001471 105.0688 255.0604 13.12442175106965
ONEWEB-0140             
1 47286U 20100AE  23062.16653166 -.00000059  00000+0 -19813-3 0  9997
2 47286  87.8945 229.4197 0001472 105.1242 255.0049 13.12443059107019
ONEWEB-0140             
1 47286U 20100AE  23062.47148090 -.00000060  00000+0 -20136-3 0  9998
2 47286  87.8947 229.3592 0001482 105.3725 254.7568 13.12443063107060
ONEWEB-0140             
1 47286U 20100AE  23062.85266871 -.00000075  00000+0 -24463-3 0  9991
2 47286  87.8948 229.2836 0001471 105.7475 254.3816 13.12441679107114
