ONEWEB-0525             
1 54143U 22138AG  23059.27992813  .00000040  00000+0  68727-4 0  9990
2 54143  87.9291 184.5705 0001373  93.5347 266.5942 13.19730391 18763
ONEWEB-0525             
1 54143U 22138AG  23059.35574480  .00000045  00000+0  79347-4 0  9990
2 54143  87.9291 184.5555 0001373  93.5463 266.5827 13.19730149 17914
ONEWEB-0525             
1 54143U 22138AG  23059.88646116 -.00000090  00000+0 -25739-3 0  9991
2 54143  87.9289 184.4504 0001375  93.2519 266.8771 13.19729841 17980
ONEWEB-0525             
1 54143U 22138AG  23060.34135912  .00000018  00000+0  13803-4 0  9999
2 54143  87.9290 184.3605 0001370  93.6443 266.4846 13.19730647 18906
ONEWEB-0525             
1 54143U 22138AG  23060.87207554 -.00000020  00000+0 -82007-4 0  9996
2 54143  87.9290 184.2554 0001352  93.1908 266.9379 13.19729626 18113
ONEWEB-0525             
1 54143U 22138AG  23061.78187303  .00000009  00000+0 -99808-5 0  9990
2 54143  87.9292 184.0756 0001317  94.4944 265.6339 13.19730443 18236
ONEWEB-0525             
1 54143U 22138AG  23062.38840510  .00000005  00000+0 -19045-4 0  9993
2 54143  87.9292 183.9556 0001328  95.6570 264.4714 13.19730735 18319
ONEWEB-0525             
1 54143U 22138AG  23062.38840510  .00000005  00000+0 -19045-4 0  9993
2 54143  87.9292 183.9556 0001328  95.6570 264.4714 13.19730735 19174
ONEWEB-0525             
1 54143U 22138AG  23062.84330538 -.00000076  00000+0 -22155-3 0  9992
2 54143  87.9293 183.8654 0001327  97.4097 262.7187 13.19729806 18379
