ONEWEB-0274             
1 48992U 21060AB  23059.53617369 -.00000046  00000+0 -15382-3 0  9993
2 48992  87.9010 108.6707 0001513  97.9269 262.2034 13.16591526 81119
ONEWEB-0274             
1 48992U 21060AB  23059.61217055 -.00000059  00000+0 -18814-3 0  9997
2 48992  87.9011 108.6555 0001509  97.9091 262.2211 13.16591967 82420
ONEWEB-0274             
1 48992U 21060AB  23059.84016227  .00000004  00000+0 -21985-4 0  9993
2 48992  87.9011 108.6101 0001502  97.8817 262.2485 13.16591331 81152
ONEWEB-0274             
1 48992U 21060AB  23060.82812500  .00000068  00000+0  14477-3 0  9997
2 48992  87.9009 108.4128 0001503  97.8554 262.2748 13.16591632 81285
ONEWEB-0274             
1 48992U 21060AB  23060.82812500  .00000068  00000+0  14477-3 0  9997
2 48992  87.9009 108.4128 0001503  97.8554 262.2748 13.16591632 82589
ONEWEB-0274             
1 48992U 21060AB  23061.58809672  .00000077  00000+0  16849-3 0  9992
2 48992  87.9008 108.2610 0001505  97.2536 262.8766 13.16591505 81380
ONEWEB-0274             
1 48992U 21060AB  23062.19607429 -.00000033  00000+0 -12051-3 0  9991
2 48992  87.9008 108.1396 0001498  96.8095 263.3206 13.16591196 81466
ONEWEB-0274             
1 48992U 21060AB  23062.19607429 -.00000033  00000+0 -12051-3 0  9991
2 48992  87.9008 108.1396 0001498  96.8095 263.3206 13.16591196 82760
ONEWEB-0274             
1 48992U 21060AB  23062.57605948  .00000109  00000+0  25159-3 0  9992
2 48992  87.9007 108.0638 0001495  96.9019 263.2282 13.16591439 81516
