ONEWEB-0297             
1 49086U 21075M   23059.48872424  .00000060  00000+0  13074-3 0  9993
2 49086  87.8927 229.9699 0001709  82.0198 278.1124 13.12442355 77167
ONEWEB-0297             
1 49086U 21075M   23059.48872424  .00000060  00000+0  13074-3 0  9993
2 49086  87.8927 229.9699 0001709  82.0198 278.1124 13.12442355 78157
ONEWEB-0297             
1 49086U 21075M   23059.86991138  .00000047  00000+0  95362-4 0  9995
2 49086  87.8928 229.8943 0001698  82.2984 277.8337 13.12441707 77219
ONEWEB-0297             
1 49086U 21075M   23060.70852133  .00000206  00000+0  53859-3 0  9992
2 49086  87.8930 229.7277 0001685  82.4624 277.6696 13.12442006 78311
ONEWEB-0297             
1 49086U 21075M   23060.86099644  .00000148  00000+0  37705-3 0  9996
2 49086  87.8931 229.6974 0001677  82.5989 277.5330 13.12441741 77342
ONEWEB-0297             
1 49086U 21075M   23061.69960516  .00000145  00000+0  36696-3 0  9998
2 49086  87.8933 229.5309 0001679  82.4568 277.6751 13.12443989 77455
ONEWEB-0297             
1 49086U 21075M   23062.38573991  .00000336  00000+0  89909-3 0  9999
2 49086  87.8934 229.3946 0001633  82.1975 277.9338 13.12444168 78534
ONEWEB-0297             
1 49086U 21075M   23062.46197730  .00000292  00000+0  77717-3 0  9996
2 49086  87.8935 229.3794 0001639  82.1455 277.9859 13.12444216 77558
ONEWEB-0297             
1 49086U 21075M   23062.84316376  .00000302  00000+0  80372-3 0  9990
2 49086  87.8937 229.3037 0001621  82.0177 278.1136 13.12443851 77602
