ONEWEB-0444             
1 51638U 22012S   23059.02244493 -.00000531  00000+0 -15569-2 0  9995
2 51638  87.8765 275.7274 0001239  80.0158 280.1109 13.10374964 52799
ONEWEB-0444             
1 51638U 22012S   23059.55694606 -.00000640  00000+0 -18687-2 0  9993
2 51638  87.8762 275.6203 0001263  80.6105 279.5165 13.10374780 51577
ONEWEB-0444             
1 51638U 22012S   23059.86237607 -.00000614  00000+0 -17955-2 0  9999
2 51638  87.8762 275.5594 0001277  81.4112 278.7160 13.10373476 51613
ONEWEB-0444             
1 51638U 22012S   23060.09144827 -.00000595  00000+0 -17418-2 0  9999
2 51638  87.8760 275.5138 0001268  81.9965 278.1306 13.10373104 52936
ONEWEB-0444             
1 51638U 22012S   23060.85502297 -.00000556  00000+0 -16291-2 0  9997
2 51638  87.8760 275.3613 0001252  82.8162 277.3108 13.10371975 51747
ONEWEB-0444             
1 51638U 22012S   23061.61859816 -.00000586  00000+0 -17165-2 0  9998
2 51638  87.8760 275.2091 0001239  83.9601 276.1667 13.10371536 51842
ONEWEB-0444             
1 51638U 22012S   23061.61859816 -.00000586  00000+0 -17165-2 0  9998
2 51638  87.8760 275.2091 0001239  83.9601 276.1667 13.10371536 53136
ONEWEB-0444             
1 51638U 22012S   23062.53489011 -.00000631  00000+0 -18445-2 0  9999
2 51638  87.8754 275.0264 0001223  85.4728 274.6539 13.10370276 51969
ONEWEB-0444             
1 51638U 22012S   23062.84032050 -.00000572  00000+0 -16752-2 0  9993
2 51638  87.8754 274.9653 0001206  85.4093 274.7172 13.10370294 52005
