ONEWEB-0431             
1 51630U 22012J   23059.04273822  .00000669  00000+0  18793-2 0  9999
2 51630  87.8746 275.7217 0001305 120.8453 239.2803 13.10375495 52800
ONEWEB-0431             
1 51630U 22012J   23059.57726382  .00018574  00000+0  53132-1 0  9990
2 51630  87.8747 275.6150 0001778 148.2327 211.8908 13.10287262 51584
ONEWEB-0431             
1 51630U 22012J   23059.57726382  .00018574  00000+0  53132-1 0  9990
2 51630  87.8747 275.6150 0001778 148.2327 211.8908 13.10287262 52877
ONEWEB-0431             
1 51630U 22012J   23059.88266876  .00000537  00000+0  15032-2 0  9999
2 51630  87.8748 275.5540 0001341 121.3000 238.8259 13.10375824 51628
ONEWEB-0431             
1 51630U 22012J   23060.11173994  .00000575  00000+0  16119-2 0  9994
2 51630  87.8748 275.5082 0001348 121.2875 238.8384 13.10376415 52947
ONEWEB-0431             
1 51630U 22012J   23060.87531214  .00000354  00000+0  97740-3 0  9995
2 51630  87.8750 275.3555 0001369 120.4987 239.6276 13.10376914 51752
ONEWEB-0431             
1 51630U 22012J   23061.63888403  .00000134  00000+0  34667-3 0  9990
2 51630  87.8751 275.2031 0001397 121.5193 238.6071 13.10377088 51859
ONEWEB-0431             
1 51630U 22012J   23061.63888403  .00000134  00000+0  34667-3 0  9990
2 51630  87.8751 275.2031 0001397 121.5193 238.6071 13.10377088 53143
ONEWEB-0431             
1 51630U 22012J   23062.55517006 -.00000137  00000+0 -42755-3 0  9992
2 51630  87.8744 275.0198 0001432 121.6334 238.4933 13.10376788 51975
ONEWEB-0431             
1 51630U 22012J   23062.86059833 -.00000120  00000+0 -38065-3 0  9996
2 51630  87.8744 274.9587 0001439 121.6968 238.4300 13.10376956 52016
