ONEWEB-0619             
1 55160U 23004W   23059.58334491 -.00008231  00000+0 -15177-2 0  9990
2 55160  86.6218 264.0845 0015010  56.3783 244.5724 14.65718647  1309
ONEWEB-0619             
1 55160U 23004W   23059.75001157 -.00041258  00000+0 -76262-2 0  9997
2 55160  86.6218 264.0150 0014972  55.5844  44.2218 14.65725370  7516
ONEWEB-0619             
1 55160U 23004W   23059.91667824  .00052329  00000+0  95383-2 0  9998
2 55160  86.6218 263.9461 0015016  54.9878 203.6827 14.65679142  1302
ONEWEB-0619             
1 55160U 23004W   23060.25001157 -.00045179  00000+0 -83551-2 0  9999
2 55160  86.6217 263.8097 0015012  54.2771 162.0810 14.65726092  7589
ONEWEB-0619             
1 55160U 23004W   23060.91667824  .00054711  00000+0  99690-2 0  9992
2 55160  86.6215 263.5340 0014958  51.9328  79.8444 14.65680076  1308
ONEWEB-0619             
1 55160U 23004W   23060.91667824  .00054711  00000+0  99690-2 0  9992
2 55160  86.6215 263.5340 0014958  51.9328  79.8444 14.65680076  7685
ONEWEB-0619             
1 55160U 23004W   23061.83334491  .00008922  00000+0  16324-2 0  9991
2 55160  86.6214 263.1563 0014786  49.1396 236.3230 14.65701613  1307
ONEWEB-0619             
1 55160U 23004W   23062.53023517  .00001016  00000+0  18223-3 0  9991
2 55160  86.6213 262.8694 0014759  46.8903 313.3542 14.65712285  7928
ONEWEB-0619             
1 55160U 23004W   23062.87158771  .00001116  00000+0  20047-3 0  9997
2 55160  86.6214 262.7287 0014732  45.8608 314.3814 14.65713853  7978
