ONEWEB-0384             
1 49310U 21090AH  23059.31338405  .00000081  00000+0  16675-3 0  9991
2 49310  87.9330 154.2501 0002715  91.2502 268.8942 13.20770202 70786
ONEWEB-0384             
1 49310U 21090AH  23059.76792538  .00000040  00000+0  67360-4 0  9994
2 49310  87.9332 154.1603 0002695  90.5346 269.6096 13.20770448 72159
ONEWEB-0384             
1 49310U 21090AH  23060.29822305  .00000048  00000+0  86706-4 0  9993
2 49310  87.9330 154.0552 0002704  90.5715 269.5728 13.20771042 70914
ONEWEB-0384             
1 49310U 21090AH  23060.98003518  .00000096  00000+0  20319-3 0  9996
2 49310  87.9329 153.9204 0002693  90.0125 270.1317 13.20770506 72313
ONEWEB-0384             
1 49310U 21090AH  23061.81336110  .00000035  00000+0  53564-4 0  9998
2 49310  87.9330 153.7554 0002659  89.3498 270.7939 13.20770030 71112
ONEWEB-0384             
1 49310U 21090AH  23062.26790030  .00000219  00000+0  50562-3 0  9991
2 49310  87.9325 153.6652 0002665  89.0827 271.0611 13.20771633 71171
ONEWEB-0384             
1 49310U 21090AH  23062.26790030  .00000219  00000+0  50562-3 0  9991
2 49310  87.9325 153.6652 0002665  89.0827 271.0611 13.20771633 72486
