ONEWEB-0475             
1 51655U 22012AK  23059.56434134  .00000076  00000+0  16373-3 0  9993
2 51655  87.9065 245.1680 0001327  72.0731 288.0545 13.17236304 55055
ONEWEB-0475             
1 51655U 22012AK  23059.94414104  .00000059  00000+0  11888-3 0  9997
2 51655  87.9065 245.0924 0001317  72.4262 287.7013 13.17236312 56390
ONEWEB-0475             
1 51655U 22012AK  23060.77969988  .00000122  00000+0  28291-3 0  9992
2 51655  87.9067 244.9260 0001312  74.3742 285.7534 13.17236641 55213
ONEWEB-0475             
1 51655U 22012AK  23061.00757976  .00000028  00000+0  38716-4 0  9990
2 51655  87.9067 244.8806 0001294  74.5302 285.5972 13.17236900 56539
ONEWEB-0475             
1 51655U 22012AK  23061.53929909  .00000083  00000+0  18197-3 0  9996
2 51655  87.9068 244.7748 0001285  74.7906 285.3368 13.17236855 55317
ONEWEB-0475             
1 51655U 22012AK  23062.45081824  .00000069  00000+0  14663-3 0  9991
2 51655  87.9071 244.5933 0001241  75.5305 284.5964 13.17236842 55431
ONEWEB-0475             
1 51655U 22012AK  23062.45081824  .00000069  00000+0  14663-3 0  9991
2 51655  87.9071 244.5933 0001241  75.5305 284.5964 13.17236842 56724
ONEWEB-0475             
1 51655U 22012AK  23062.75465854 -.00000027  00000+0 -10240-3 0  9996
2 51655  87.9072 244.5328 0001241  75.8258 284.3011 13.17236582 55476
