ONEWEB-0259             
1 48977U 21060L   23059.54674448 -.00000090  00000+0 -26866-3 0  9996
2 48977  87.9002 108.6818 0001713 110.9421 249.1893 13.16593990 81118
ONEWEB-0259             
1 48977U 21060L   23059.62274163 -.00000059  00000+0 -18815-3 0  9995
2 48977  87.9000 108.6669 0001710 110.4022 249.7292 13.16593710 82412
ONEWEB-0259             
1 48977U 21060L   23059.85073240  .00000013  00000+0  11370-5 0  9992
2 48977  87.9000 108.6212 0001720 110.6907 249.4409 13.16593800 81158
ONEWEB-0259             
1 48977U 21060L   23060.83869384 -.00000023  00000+0 -93125-4 0  9994
2 48977  87.9001 108.4241 0001775 110.3307 249.8015 13.16593829 81282
ONEWEB-0259             
1 48977U 21060L   23061.14268099  .00000076  00000+0  16481-3 0  9990
2 48977  87.9000 108.3633 0001755 110.2969 249.8351 13.16594583 82615
ONEWEB-0259             
1 48977U 21060L   23061.59866390  .00000003  00000+0 -25852-4 0  9991
2 48977  87.8999 108.2722 0001759 110.3025 249.8295 13.16593827 81387
ONEWEB-0259             
1 48977U 21060L   23062.20663991  .00000049  00000+0  94359-4 0  9999
2 48977  87.9001 108.1508 0001764 110.3802 249.7518 13.16593755 81468
ONEWEB-0259             
1 48977U 21060L   23062.20663991  .00000049  00000+0  94359-4 0  9999
2 48977  87.9001 108.1508 0001764 110.3802 249.7518 13.16593755 82751
ONEWEB-0259             
1 48977U 21060L   23062.81461548  .00000134  00000+0  31704-3 0  9999
2 48977  87.8998 108.0292 0001729 108.8444 251.2875 13.16594255 81545
