ONEWEB-0434             
1 51631U 22012K   23059.57100210  .00000266  00000+0  72537-3 0  9998
2 51631  87.8768 275.6176 0001140  76.8466 283.2789 13.10376215 51564
ONEWEB-0434             
1 51631U 22012K   23059.57100210  .00000266  00000+0  72537-3 0  9998
2 51631  87.8768 275.6176 0001140  76.8466 283.2789 13.10376215 52857
ONEWEB-0434             
1 51631U 22012K   23059.87643114  .00000186  00000+0  49557-3 0  9993
2 51631  87.8768 275.5566 0001131  77.0031 283.1223 13.10376012 51609
ONEWEB-0434             
1 51631U 22012K   23060.86907361  .00000026  00000+0  38240-4 0  9992
2 51631  87.8765 275.3584 0001164  79.5632 280.5627 13.10376872 51731
ONEWEB-0434             
1 51631U 22012K   23061.09814543 -.00000076  00000+0 -25516-3 0  9995
2 51631  87.8765 275.3128 0001136  80.0710 280.0545 13.10376567 53050
ONEWEB-0434             
1 51631U 22012K   23061.78535976 -.00000182  00000+0 -55704-3 0  9991
2 51631  87.8765 275.1755 0001116  80.3851 279.7402 13.10376467 51853
ONEWEB-0434             
1 51631U 22012K   23062.09078833 -.00000204  00000+0 -62047-3 0  9993
2 51631  87.8764 275.1145 0001110  80.7959 279.3294 13.10376476 51891
ONEWEB-0434             
1 51631U 22012K   23062.85436071 -.00000392  00000+0 -11582-2 0  9994
2 51631  87.8764 274.9623 0001093  82.6178 277.5074 13.10375817 51998
